0.23377 -0.288908 8507 8510 -9 1293 31062
1.45828 -1.73345 8507 8525 -129 1263 31070
2.67165 -3.18503 8507 8539 -426 1191 31087
3.8739 -4.65071 8507 8551 -639 1084 31090
5.06501 -6.13753 8507 8559 -649 949 31057
6.25612 -7.64548 8507 8563 -570 795 30986
7.4361 -9.18163 8507 8562 -475 642 30891
8.62721 -10.746 8507 8557 -394 514 30792
9.82945 -12.3455 8507 8548 -328 423 30704
11.0428 -13.9874 8507 8537 -243 367 30638
12.2673 -15.6715 8507 8523 -104 341 30593
13.5141 -17.3908 8507 8509 90 337 30572
14.7831 -19.1454 8507 8495 333 345 30576
16.0967 -20.9211 8507 8481 605 359 30612
17.4548 -22.7039 8507 8468 891 373 30684
18.8574 -24.4867 8507 8455 1180 382 30798
20.338 -26.2554 8507 8443 1462 383 30956
21.8964 -27.9959 8507 8430 1732 375 31157
23.5328 -29.6941 8507 8416 1992 358 31400
25.2582 -31.3359 8507 8401 2242 336 31679
27.095 -32.9073 8507 8384 2482 309 31995
29.0431 -34.38 8507 8366 2713 278 32345
31.1025 -35.7541 8507 8346 2936 244 32728
33.2843 -36.9943 8507 8323 3152 208 33147
35.5775 -38.0865 8507 8299 3360 170 33600
37.982 -38.9955 8507 8271 3559 130 34087
40.4978 -39.7142 8507 8242 3750 88 34609
43.1138 -40.2005 8507 8209 3929 45 35163
45.7966 -40.44 8507 8174 4098 2 35748
48.535 -40.3978 8507 8137 4255 -39 363
51.2957 -40.0525 8507 8097 4399 -80 1005
54.0453 -39.3971 8507 8055 4527 -117 1673
56.7392 -38.4036 8507 8011 4641 -151 2365
59.3329 -37.0788 8507 7965 4738 -181 3077
61.782 -35.4159 8507 7917 4817 -204 3807
64.0306 -33.4217 8507 7869 4875 -220 4553
66.0232 -31.1316 8507 7820 4908 -228 5308
67.7153 -28.5737 8507 7771 4912 -226 6069
69.0733 -25.7762 8507 7724 4883 -211 6831
70.0529 -22.8026 8507 7678 4811 -180 7587
70.6429 -19.7021 8507 7635 4687 -128 8331
70.8322 -16.5382 8507 7598 4495 -53 9052
70.6318 -13.3532 8507 7566 4215 47 9737
70.0641 -10.2175 8507 7543 3829 176 10371
69.1735 -7.16632 8507 7530 3327 332 10934
68.0158 -4.22792 8507 7528 2725 509 11411
66.6689 -1.41635 8507 7539 2065 696 11787
65.1994 1.26838 8507 7562 1410 875 12058
63.6744 3.84036 8507 7595 826 1028 12232
62.127 6.30664 8507 7634 356 1141 12325
60.602 8.68132 8507 7678 25 1212 12357
59.1103 10.9785 8507 7723 -166 1246 12350
57.6632 13.2122 8507 7767 -234 1255 12319
56.2605 15.3826 8507 7810 -203 1250 12280
54.9025 17.5036 8507 7851 -96 1240 12242
53.5778 19.5753 8507 7890 65 1230 12216
52.2642 21.6047 8507 7926 261 1221 12209
50.9729 23.5918 8507 7961 474 1211 12226
49.6927 25.5296 8507 7994 689 1200 12269
48.4014 27.4251 8507 8025 892 1185 12341
47.099 29.2713 8507 8054 1074 1167 12439
45.7743 31.0682 8507 8080 1231 1147 12562
44.4162 32.8086 8507 8105 1360 1126 12706
43.0359 34.4998 8507 8129 1462 1106 12867
41.6221 36.1346 8507 8150 1541 1087 13042
40.175 37.7201 8507 8171 1598 1072 13227
38.6833 39.2421 8507 8190 1638 1060 13419
37.1582 40.7078 8507 8209 1664 1053 13615
35.5886 42.1101 8507 8227 1680 1049 13814
33.9856 43.456 8507 8245 1687 1047 14014
32.3381 44.7384 8507 8263 1688 1049 14215
30.6572 45.9575 8507 8281 1686 1052 14414
28.954 47.1131 8507 8299 1681 1057 14611
27.2063 48.2053 8507 8316 1674 1062 14807
25.4364 49.2341 8507 8335 1667 1066 15000
23.6441 50.1995 8507 8353 1659 1070 15191
21.8296 51.1014 8507 8371 1653 1074 15379
19.9929 51.94 8507 8390 1647 1077 15565
18.145 52.7151 8507 8409 1643 1081 15750
16.2748 53.4268 8507 8427 1639 1085 15933
14.3824 54.0821 8507 8446 1637 1089 16114
12.49 54.667 8507 8466 1635 1092 16293
10.5864 55.1955 8507 8485 1635 1095 16471
8.67174 55.6605 8507 8504 1635 1097 16647
6.74592 56.0622 8507 8524 1637 1098 16822
4.82011 56.4075 8507 8543 1641 1097 16996
2.89429 56.6893 8507 8563 1645 1096 17169
0.968474 56.9148 8507 8583 1651 1095 17340
-0.968474 57.0839 8507 8602 1657 1093 17512
-2.89429 57.1967 8507 8622 1665 1091 17682
-4.83124 57.246 8507 8642 1673 1088 17852
-6.75705 57.239 8507 8661 1683 1084 18023
-8.68287 57.1685 8507 8680 1693 1081 18192
-10.5976 57.0487 8507 8700 1705 1077 18361
-12.5011 56.8725 8507 8719 1717 1073 18531
-14.4047 56.64 8507 8738 1730 1068 18700
-16.2859 56.3441 8507 8756 1744 1062 18870
-18.1672 55.9988 8507 8775 1758 1056 19040
-20.0374 55.5971 8507 8794 1772 1049 19210
-21.8853 55.1391 8507 8812 1787 1042 19381
-23.722 54.6247 8507 8830 1801 1035 19553
-25.5365 54.061 8507 8848 1817 1027 19725
-27.3399 53.4409 8507 8866 1832 1018 19897
-29.121 52.7574 8507 8883 1848 1008 20071
-30.8798 52.0316 8507 8901 1864 997 20245
-32.6164 51.2424 8507 8918 1880 986 20421
-34.3307 50.4038 8507 8934 1896 974 20597
-36.0228 49.5089 8507 8950 1911 962 20776
-37.6814 48.5647 8507 8966 1927 950 20955
-39.3178 47.5641 8507 8981 1941 937 21136
-40.9208 46.5071 8507 8996 1955 924 21318
-42.4904 45.4008 8507 9010 1969 910 21503
-44.0266 44.2452 8507 9024 1982 896 21689
-45.5294 43.0332 8507 9037 1994 880 21877
-46.9877 41.7718 8507 9049 2005 865 22066
-48.4126 40.4541 8507 9061 2016 849 22258
-49.7929 39.0942 8507 9072 2026 833 22452
-51.1287 37.6778 8507 9082 2035 816 22647
-52.42 36.2121 8507 9092 2044 800 22846
-53.6557 34.6971 8507 9101 2051 785 23046
-54.8468 33.1398 8507 9109 2056 769 23249
-55.9822 31.5262 8507 9116 2061 754 23454
-57.0732 29.8773 8507 9123 2063 739 23661
-58.0973 28.172 8507 9129 2064 725 23871
-59.0658 26.4315 8507 9135 2064 710 24083
-59.9675 24.6488 8507 9140 2062 695 24296
-60.8135 22.8167 8507 9144 2060 680 24511
-61.5927 20.9564 8507 9147 2056 666 24729
-62.294 19.0538 8507 9150 2051 652 24948
-62.9397 17.116 8507 9152 2046 639 25169
-63.5074 15.143 8507 9154 2040 627 25391
-63.9972 13.1347 8507 9155 2033 616 25616
-64.4202 11.1053 8507 9156 2025 605 25842
-64.7542 9.04774 8507 9156 2016 595 26069
-65.0102 6.96902 8507 9155 2005 585 26298
-65.1883 4.86915 8507 9154 1994 577 26528
-65.2885 2.75519 8507 9152 1981 568 26759
-65.2996 0.620095 8507 9150 1967 561 26991
-65.2106 -1.515 8507 9148 1952 555 27224
-65.0547 -3.6642 8507 9145 1936 549 27458
-64.7876 -5.80634 8507 9142 1920 545 27692
-64.4425 -7.95553 8507 9138 1901 541 27927
-64.0083 -10.0977 8507 9135 1882 537 28161
-63.4851 -12.2257 8507 9131 1862 534 28395
-62.8729 -14.3467 8507 9126 1842 531 28629
-62.1604 -16.4466 8507 9121 1822 529 28862
-61.3701 -18.5324 8507 9117 1803 527 29095
-60.5018 -20.59 8507 9112 1783 526 29327
-59.5333 -22.6194 8507 9106 1764 525 29559
-58.4869 -24.6135 8507 9101 1746 525 29789
-57.3515 -26.5725 8507 9095 1729 525 30020
-56.1381 -28.4962 8507 9089 1713 525 30250
-54.8357 -30.3776 8507 9083 1697 526 30479
-53.4664 -32.2097 8507 9077 1683 527 30709
-52.0193 -33.9854 8507 9070 1670 528 30938
-50.4942 -35.7118 8507 9064 1658 529 31167
-48.8912 -37.3818 8507 9057 1647 530 31396
-47.2215 -38.9955 8507 9051 1637 530 31625
-45.4849 -40.5387 8507 9044 1630 530 31854
-43.6926 -42.0185 8507 9036 1624 530 32083
-41.8225 -43.4278 8507 9029 1620 531 32313
-39.9078 -44.7666 8507 9022 1617 531 32544
-37.9263 -46.0279 8507 9014 1616 532 32776
-35.8892 -47.2047 8507 9007 1616 533 33009
-33.8075 -48.311 8507 8999 1617 535 33243
-31.6702 -49.3257 8507 8991 1619 536 33479
-29.4884 -50.2559 8507 8983 1621 538 33716
-27.2731 -51.0944 8507 8975 1623 540 33955
-25.0245 -51.8413 8507 8967 1625 541 34196
-22.7424 -52.4967 8507 8959 1628 542 34438
-20.427 -53.0533 8507 8951 1632 544 34682
-18.0782 -53.5113 8507 8943 1636 546 34926
-15.7294 -53.8707 8507 8935 1640 548 35173
-13.3471 -54.1244 8507 8926 1644 550 35420
-10.9649 -54.2794 8507 8918 1648 553 35669
-8.57155 -54.3358 8507 8910 1652 556 35920
-6.1782 -54.2794 8507 8902 1657 558 171
-3.78484 -54.1174 8507 8894 1662 561 423
-1.40262 -53.8566 8507 8886 1667 564 677
0.957342 -53.4832 8507 8878 1672 567 932
3.30617 -53.011 8507 8870 1678 569 1188
5.63273 -52.4332 8507 8862 1683 572 1444
7.9259 -51.7497 8507 8854 1688 575 1702
10.1857 -50.9676 8507 8846 1693 579 1960
12.4121 -50.0867 8507 8839 1697 583 2220
14.5828 -49.1002 8507 8831 1702 587 2480
16.709 -48.0221 8507 8824 1707 590 2741
18.7906 -46.8453 8507 8817 1712 594 3003
20.8055 -45.584 8507 8810 1718 597 3264
22.7536 -44.224 8507 8803 1724 601 3527
24.646 -42.7865 8507 8796 1731 605 3789
26.4605 -41.2645 8507 8790 1738 608 4052
28.2082 -39.6649 8507 8784 1746 612 4316
29.878 -37.9878 8507 8778 1754 615 4580
31.4587 -36.2333 8507 8772 1764 619 4845
32.9504 -34.4223 8507 8766 1774 622 5111
34.353 -32.5409 8507 8761 1784 625 5376
35.6666 -30.6031 8507 8755 1794 628 5643
36.8911 -28.616 8507 8750 1805 631 5910
38.0154 -26.5725 8507 8745 1815 634 6178
39.0507 -24.4867 8507 8741 1825 637 6446
39.9746 -22.3657 8507 8736 1836 641 6715
40.7984 -20.2024 8507 8732 1846 643 6983
41.5108 -18.0109 8507 8728 1857 646 7252
42.1342 -15.7983 8507 8724 1868 650 7521
42.6351 -13.5646 8507 8720 1878 653 7790
43.0359 -11.3097 8507 8717 1888 656 8059
43.3364 -9.05479 8507 8714 1898 659 8329
43.5257 -6.79285 8507 8711 1908 663 8598
43.6036 -4.53092 8507 8708 1917 666 8867
43.5813 -2.27603 8507 8706 1926 670 9136
43.4589 -0.0281861 8507 8703 1934 674 9405
43.2251 2.19852 8507 8701 1942 678 9673
42.8912 4.40408 8507 8700 1951 681 9940
42.4681 6.58146 8507 8698 1958 685 10206
41.9338 8.7377 8507 8697 1966 689 10472
41.3104 10.8517 8507 8696 1973 692 10736
40.5868 12.9304 8507 8695 1980 695 11001
39.7742 14.9668 8507 8695 1987 698 11264
38.8725 16.954 8507 8695 1994 702 11526
37.8818 18.8917 8507 8695 1999 706 11788
36.8131 20.7732 8507 8695 2005 711 12048
35.6666 22.5982 8507 8696 2010 715 12307
34.4309 24.3669 8507 8697 2014 719 12565
33.1285 26.0651 8507 8698 2019 723 12821
31.7593 27.707 8507 8700 2023 728 13076
30.3233 29.2713 8507 8702 2028 732 13330
28.8204 30.7722 8507 8704 2032 737 13582
27.262 32.2026 8507 8707 2037 741 13833
25.6479 33.5556 8507 8710 2043 745 14082
23.9781 34.831 8507 8713 2048 750 14330
22.2749 36.0289 8507 8717 2053 753 14576
20.5161 37.1564 8507 8721 2059 757 14822
18.7127 38.1992 8507 8725 2064 760 15066
16.8759 39.1576 8507 8730 2069 763 15308
15.0058 40.0454 8507 8735 2074 766 15550
13.1022 40.8417 8507 8741 2079 769 15790
11.1653 41.5604 8507 8746 2084 772 16029
9.2172 42.1946 8507 8752 2089 775 16266
7.24686 42.7513 8507 8758 2094 778 16502
5.25425 43.2234 8507 8765 2099 780 16736
3.25051 43.611 8507 8772 2105 781 16970
1.24677 43.921 8507 8779 2111 782 17202
-0.7681 44.1465 8507 8786 2117 783 17433
-2.78297 44.2874 8507 8793 2124 784 17663
-4.80897 44.3509 8507 8801 2130 783 17892
-6.81271 44.3297 8507 8808 2136 783 18122
-8.82758 44.2311 8507 8816 2142 781 18349
-10.8202 44.0549 8507 8824 2148 780 18576
-12.8017 43.8012 8507 8832 2154 779 18803
-14.7831 43.463 8507 8840 2159 777 19028
-16.7312 43.0543 8507 8848 2165 775 19253
-18.6682 42.5681 8507 8855 2172 771 19478
-20.5829 42.0044 8507 8863 2179 767 19702
-22.4753 41.3631 8507 8871 2187 763 19927
-24.3454 40.6514 8507 8879 2194 758 20151
-26.1822 39.8693 8507 8886 2202 752 20376
-27.9856 39.0096 8507 8894 2210 745 20602
-29.7555 38.0865 8507 8901 2218 739 20828
-31.4921 37.0859 8507 8908 2227 731 21055
-33.1841 36.0148 8507 8915 2236 724 21283
-34.8317 34.8803 8507 8921 2244 715 21513
-36.4458 33.6824 8507 8927 2253 706 21743
-38.0043 32.414 8507 8932 2261 696 21976
-39.5071 31.0822 8507 8937 2269 685 22210
-40.9653 29.68 8507 8941 2277 674 22446
-42.3568 28.2214 8507 8945 2285 662 22684
-43.7038 26.7063 8507 8949 2293 650 22924
-44.9728 25.1279 8507 8951 2300 639 23167
-46.1862 23.4861 8507 8953 2308 627 23412
-47.3328 21.7949 8507 8955 2315 616 23660
-48.4014 20.0474 8507 8956 2322 605 23911
-49.3922 18.2435 8507 8956 2328 594 24165
-50.3161 16.3973 8507 8956 2334 584 24422
-51.151 14.5018 8507 8955 2338 574 24683
-51.908 12.5569 8507 8954 2341 564 24946
-52.5648 10.5768 8507 8952 2343 555 25212
-53.1436 8.55449 8507 8950 2343 546 25482
-53.6223 6.50395 8507 8946 2342 537 25753
-54.0119 4.41817 8507 8943 2338 529 26028
-54.3013 2.30422 8507 8939 2333 522 26306
-54.4794 0.169117 8507 8934 2327 516 26586
-54.5574 -1.98008 8507 8929 2318 510 26868
-54.5351 -4.14336 8507 8923 2308 505 27151
-54.4015 -6.31369 8507 8917 2296 501 27437
-54.1566 -8.48402 8507 8911 2283 498 27723
-53.8004 -10.6473 8507 8905 2268 495 28011
-53.3329 -12.8035 8507 8898 2251 493 28300
-52.754 -14.9457 8507 8891 2232 492 28589
-52.0638 -17.0667 8507 8884 2211 493 28878
-51.2623 -19.1595 8507 8877 2189 494 29168
-50.3606 -21.2171 8507 8869 2166 496 29457
-49.3476 -23.2395 8507 8862 2142 498 29746
-48.2233 -25.2125 8507 8854 2117 502 30033
-47.0099 -27.1362 8507 8846 2090 505 30320
-45.6853 -29.0035 8507 8839 2064 509 30605
-44.2715 -30.8074 8507 8831 2037 513 30888
-42.7687 -32.5409 8507 8823 2010 517 31170
-41.1768 -34.2109 8507 8816 1984 522 31450
-39.4959 -35.8034 8507 8808 1960 527 31727
-37.7371 -37.3184 8507 8800 1937 531 32003
-35.9115 -38.7489 8507 8793 1917 535 32278
-34.0079 -40.0948 8507 8786 1898 539 32551
-32.0487 -41.349 8507 8778 1883 542 32822
-30.0116 -42.5117 8507 8771 1870 545 33093
-27.9299 -43.5757 8507 8763 1860 548 33363
-25.7926 -44.5482 8507 8756 1853 550 33633
-23.5996 -45.4149 8507 8748 1848 553 33903
-21.3732 -46.1759 8507 8741 1847 555 34174
-19.1023 -46.8383 8507 8733 1848 557 34445
-16.8091 -47.3879 8507 8726 1851 559 34718
-14.4826 -47.8318 8507 8718 1855 560 34992
-12.1449 -48.156 8507 8710 1862 562 35268
-9.78493 -48.3744 8507 8702 1869 563 35546
-7.41384 -48.4731 8507 8694 1878 564 35825
-5.04274 -48.459 8507 8686 1886 565 106
-2.67165 -48.3251 8507 8678 1894 566 390
-0.300561 -48.0785 8507 8670 1902 568 675
2.03713 -47.7121 8507 8661 1910 570 962
4.3637 -47.2258 8507 8653 1918 572 1251
6.65687 -46.6269 8507 8645 1925 574 1541
8.92777 -45.9081 8507 8637 1932 577 1832
11.143 -45.0837 8507 8628 1938 579 2125
13.3249 -44.1395 8507 8620 1944 582 2418
15.4511 -43.0895 8507 8612 1951 584 2713
17.5216 -41.9269 8507 8604 1958 587 3008
19.5142 -40.6655 8507 8597 1966 591 3303
21.4511 -39.3055 8507 8589 1974 595 3600
23.3102 -37.8399 8507 8582 1982 599 3897
25.0801 -36.2896 8507 8575 1991 602 4195
26.7722 -34.6548 8507 8568 2000 605 4493
28.3752 -32.9284 8507 8561 2010 608 4791
29.878 -31.1316 8507 8555 2020 610 5090
31.2806 -29.2572 8507 8549 2031 612 5389
32.5942 -27.3194 8507 8542 2043 615 5689
33.7853 -25.3182 8507 8536 2055 617 5990
34.8762 -23.2606 8507 8531 2067 620 6291
35.8558 -21.1607 8507 8525 2078 623 6593
36.713 -19.0115 8507 8520 2089 626 6895
37.4588 -16.8271 8507 8515 2095 629 7198
38.0933 -14.6145 8507 8510 2094 632 7500
38.6054 -12.3808 8507 8505 2085 637 7803
38.995 -10.1259 8507 8501 2071 643 8103
39.2622 -7.86393 8507 8497 2055 650 8399
39.4291 -5.59494 8507 8494 2037 658 8692
39.4625 -3.33301 8507 8491 2020 667 8979
39.3957 -1.07812 8507 8489 2006 675 9260
39.2176 1.15563 8507 8487 1994 683 9537
38.9393 3.37529 8507 8486 1985 691 9810
38.5608 5.56676 8507 8485 1981 699 10079
38.071 7.73004 8507 8485 1981 704 10346
37.4922 9.8581 8507 8485 1986 709 10610
36.8131 11.9509 8507 8485 1995 713 10873
36.0339 14.0015 8507 8486 2006 716 11135
35.1768 16.0027 8507 8486 2021 718 11397
34.2305 17.9546 8507 8487 2037 720 11659
33.1953 19.8501 8507 8488 2056 721 11922
32.0821 21.6963 8507 8490 2076 723 12185
30.8798 23.479 8507 8491 2098 723 12448
29.6108 25.1984 8507 8493 2120 724 12713
28.275 26.8543 8507 8495 2143 725 12978
26.8612 28.4398 8507 8496 2166 726 13244
25.3696 29.9548 8507 8499 2189 726 13511
23.8222 31.3923 8507 8501 2211 727 13779
22.2192 32.7523 8507 8503 2233 728 14048
20.5495 34.0347 8507 8506 2254 730 14318
18.824 35.2327 8507 8508 2274 731 14589
17.054 36.346 8507 8511 2294 733 14859
15.2395 37.3677 8507 8515 2313 735 15130
13.3805 38.3049 8507 8518 2332 738 15401
11.4881 39.1505 8507 8522 2350 740 15672
9.56229 39.9045 8507 8526 2368 742 15943
7.60308 40.5669 8507 8531 2385 745 16213
5.6216 41.1376 8507 8536 2402 748 16484
3.61786 41.6098 8507 8541 2419 750 16754
1.60299 41.9832 8507 8546 2435 753 17025
-0.434143 42.2651 8507 8552 2449 755 17295
-2.47128 42.4553 8507 8558 2457 756 17564
-4.51955 42.5399 8507 8564 2459 757 17834
-6.55668 42.5329 8507 8571 2456 759 18103
-8.60495 42.4342 8507 8578 2451 760 18369
-10.6309 42.2369 8507 8585 2443 762 18633
-12.6458 41.955 8507 8592 2433 765 18895
-14.6496 41.5745 8507 8600 2421 768 19154
-16.631 41.1095 8507 8608 2410 770 19409
-18.5902 40.5528 8507 8616 2399 771 19662
-20.5161 39.9186 8507 8624 2389 772 19913
-22.4196 39.1928 8507 8632 2379 771 20161
-24.2786 38.3895 8507 8640 2369 770 20407
-26.1043 37.5087 8507 8648 2360 767 20653
-27.8854 36.5504 8507 8656 2352 763 20896
-29.6331 35.5145 8507 8664 2345 758 21139
-31.3251 34.4082 8507 8671 2338 752 21381
-32.9726 33.2314 8507 8679 2333 745 21623
-34.5645 31.9842 8507 8686 2328 737 21864
-36.1118 30.6665 8507 8692 2324 728 22106
-37.6035 29.2854 8507 8698 2322 718 22348
-39.0284 27.8408 8507 8704 2321 708 22592
-40.3976 26.3329 8507 8709 2322 697 22836
-41.7 24.7686 8507 8713 2324 686 23081
-42.9357 23.1408 8507 8717 2327 674 23329
-44.1045 21.4567 8507 8720 2331 662 23578
-45.2066 19.7232 8507 8723 2336 650 23830
-46.2307 17.9334 8507 8725 2342 638 24086
-47.1658 16.0943 8507 8726 2349 626 24344
-48.0341 14.2058 8507 8727 2355 615 24605
-48.8133 12.268 8507 8727 2362 603 24870
-49.4924 10.295 8507 8726 2369 592 25139
-50.0935 8.27967 8507 8725 2375 582 25411
-50.5944 6.23618 8507 8723 2381 573 25687
-51.0063 4.15041 8507 8721 2385 564 25967
-51.3069 2.04349 8507 8718 2387 556 26250
-51.5072 -0.0845584 8507 8714 2387 549 26536
-51.5963 -2.23375 8507 8710 2386 543 26826
-51.5852 -4.39703 8507 8705 2382 537 27120
-51.4627 -6.56032 8507 8700 2377 533 27415
-51.2178 -8.73065 8507 8694 2368 529 27714
-50.8616 -10.8939 8507 8688 2358 525 28014
-50.394 -13.0502 8507 8682 2344 523 28316
-49.8041 -15.1782 8507 8676 2328 521 28620
-49.1027 -17.2922 8507 8669 2310 520 28923
-48.2901 -19.3709 8507 8663 2291 520 29227
-47.355 -21.4144 8507 8656 2271 520 29532
-46.3198 -23.4227 8507 8649 2250 522 29835
-45.1621 -25.3746 8507 8642 2228 525 30139
-43.9042 -27.2701 8507 8635 2206 528 30442
-42.5461 -29.1022 8507 8627 2183 533 30745
-41.0767 -30.8708 8507 8620 2159 537 31046
-39.5182 -32.562 8507 8613 2136 541 31346
-37.8707 -34.1827 8507 8606 2113 546 31645
-36.1341 -35.7118 8507 8599 2090 550 31942
-34.3196 -37.1564 8507 8593 2068 555 32237
-32.4272 -38.5093 8507 8586 2047 560 32532
-30.4568 -39.7706 8507 8579 2027 565 32825
-28.4197 -40.9262 8507 8573 2008 570 33116
-26.338 -41.9762 8507 8566 1991 575 33406
-24.1896 -42.9275 8507 8560 1976 579 33695
-21.9966 -43.766 8507 8554 1964 583 33983
-19.7591 -44.4988 8507 8547 1955 587 34270
-17.4771 -45.1189 8507 8541 1948 590 34556
-15.1728 -45.6192 8507 8534 1944 593 34842
-12.8462 -46.0068 8507 8528 1943 596 35129
-10.4974 -46.2746 8507 8521 1944 598 35416
-8.13741 -46.4296 8507 8515 1947 600 35705
-5.76632 -46.4578 8507 8508 1951 602 35994
-3.40636 -46.3732 8507 8501 1957 603 284
-1.0464 -46.1689 8507 8495 1964 604 577
1.2913 -45.8377 8507 8488 1971 605 871
3.61786 -45.3867 8507 8481 1979 607 1167
5.91103 -44.823 8507 8474 1988 609 1465
8.1708 -44.1324 8507 8467 1998 610 1764
10.3972 -43.3291 8507 8461 2008 611 2064
12.5679 -42.4131 8507 8454 2019 612 2367
14.6941 -41.3843 8507 8447 2030 613 2670
16.7535 -40.2427 8507 8441 2042 615 2976
18.7572 -38.9885 8507 8434 2054 617 3283
20.683 -37.6355 8507 8428 2066 619 3591
22.5309 -36.1839 8507 8421 2079 621 3901
-9.71813 -16.6512 14337 9946 -1291 -246 7317
-9.08362 -14.6852 14337 9935 -1509 -201 7266
-8.4157 -12.7192 14337 9924 -2094 -122 7214
-7.7144 -10.7532 14337 9916 -2864 -12 7128
-6.9463 -8.78011 14337 9909 -3709 115 6974
-6.10027 -6.82114 14337 9903 -4492 241 6723
-5.16519 -4.87627 14337 9901 -5141 344 6360
-4.09653 -2.96663 14337 9900 -5650 423 5889
-2.88316 -1.12042 14337 9902 -6032 486 5322
-1.49167 0.627151 14337 9908 -6285 542 4682
0.0667913 2.24083 14337 9917 -6245 602 4008
1.82563 3.69244 14337 9932 -5798 713 3332
3.72918 4.94674 14337 9955 -5164 898 2731
5.74405 6.01783 14337 9987 -4437 1127 2261
7.83685 6.91275 14337 10030 -3647 1358 1931
9.96304 7.68083 14337 10082 -2809 1557 1717
12.0892 8.35731 14337 10143 -1936 1705 1582
14.2265 8.97037 14337 10211 -1041 1807 1497
16.3416 9.55524 14337 10283 -136 1873 1440
18.4455 10.1331 14337 10359 758 1917 1410
20.5272 10.7109 14337 10436 1551 1948 1413
22.5977 11.3099 14337 10513 2193 1967 1457
24.6571 11.9229 14337 10589 2697 1974 1541
26.7054 12.5712 14337 10665 3090 1973 1660
28.7203 13.2618 14337 10740 3402 1967 1803
30.724 13.9876 14337 10814 3653 1960 1963
32.7055 14.7627 14337 10887 3861 1954 2136
34.6536 15.5872 14337 10960 4037 1952 2317
36.5794 16.475 14337 11032 4192 1951 2508
38.4718 17.4193 14337 11104 4333 1951 2706
40.3197 18.4199 14337 11174 4465 1949 2913
42.1342 19.491 14337 11245 4590 1945 3130
43.9042 20.6255 14337 11314 4712 1940 3355
45.6185 21.8164 14337 11383 4831 1933 3590
47.2882 23.0848 14337 11451 4946 1925 3835
48.8912 24.4095 14337 11519 5057 1916 4089
50.4386 25.8048 14337 11587 5165 1907 4353
51.9191 27.2705 14337 11653 5269 1899 4626
53.3217 28.7996 14337 11719 5368 1890 4910
54.6464 30.3992 14337 11785 5463 1882 5203
55.8932 32.0622 14337 11849 5553 1874 5508
57.0398 33.7886 14337 11913 5636 1867 5824
58.0973 35.5714 14337 11977 5704 1860 6150
59.0435 37.4176 14337 12040 5757 1853 6486
59.8784 39.3061 14337 12103 5797 1847 6830
60.602 41.251 14337 12165 5826 1842 7180
61.2031 43.2311 14337 12228 5847 1838 7534
61.6818 45.2465 14337 12290 5860 1835 7890
62.038 47.2829 14337 12351 5869 1832 8248
62.2606 49.3405 14337 12413 5874 1829 8605
62.3497 51.4123 14337 12475 5877 1826 8961
62.3052 53.484 14337 12536 5879 1822 9318
62.1382 55.5486 14337 12597 5880 1818 9675
61.8376 57.5992 14337 12658 5879 1813 10032
61.4035 59.6286 14337 12718 5879 1808 10387
60.858 61.6299 14337 12779 5879 1802 10741
60.179 63.5888 14337 12839 5878 1795 11094
59.3775 65.5055 14337 12899 5876 1789 11448
58.4647 67.3729 14337 12958 5875 1782 11801
57.4294 69.1768 14337 13018 5874 1775 12153
56.2939 70.9174 14337 13077 5872 1766 12503
55.0472 72.5804 14337 13136 5869 1757 12852
53.7002 74.1729 14337 13194 5859 1747 13200
52.2531 75.6738 14337 13252 5835 1737 13547
50.728 77.0902 14337 13310 5795 1727 13892
49.1139 78.4079 14337 13368 5741 1718 14233
47.4218 79.634 14337 13426 5671 1710 14568
45.663 80.7545 14337 13483 5587 1702 14895
43.8485 81.7692 14337 13541 5490 1695 15212
41.9783 82.6852 14337 13598 5382 1686 15517
40.0637 83.4956 14337 13656 5263 1676 15807
38.1044 84.2073 14337 13714 5135 1663 16084
36.1118 84.8274 14337 13771 5000 1649 16348
34.0858 85.3489 14337 13829 4860 1634 16600
32.0487 85.7787 14337 13886 4717 1618 16839
30.0004 86.124 14337 13944 4573 1600 17066
27.9299 86.3918 14337 14001 4430 1580 17282
25.8594 86.575 14337 14057 4288 1559 17487
23.7888 86.6877 14337 14114 4149 1538 17682
21.7072 86.73 14337 14170 4016 1515 17868
19.6255 86.7018 14337 14225 3888 1492 18046
17.5438 86.6102 14337 14280 3767 1469 18216
15.4733 86.4622 14337 14334 3655 1446 18379
13.4028 86.2508 14337 14388 3550 1422 18535
11.3323 85.9831 14337 14441 3454 1400 18687
9.27286 85.6589 14337 14494 3365 1378 18834
7.22459 85.2854 14337 14546 3285 1357 18977
5.18746 84.8626 14337 14597 3212 1337 19116
3.15032 84.3905 14337 14648 3146 1317 19252
1.12432 83.862 14337 14698 3088 1298 19384
-0.879419 83.2983 14337 14747 3036 1280 19514
-2.88316 82.6782 14337 14797 2992 1262 19641
-4.87577 82.0228 14337 14845 2955 1245 19767
-6.84611 81.3182 14337 14893 2923 1230 19892
-8.80532 80.5712 14337 14941 2898 1215 20015
-10.7534 79.775 14337 14988 2877 1202 20137
-12.6903 78.9435 14337 15034 2861 1189 20258
-14.605 78.0697 14337 15080 2849 1177 20379
-16.4975 77.1536 14337 15126 2843 1166 20500
-18.3899 76.1953 14337 15171 2841 1156 20621
-20.2489 75.2017 14337 15216 2843 1141 20739
-22.0968 74.1588 14337 15261 2848 1106 20846
-23.9113 73.0877 14337 15304 2857 1047 20941
-25.7147 71.9884 14337 15344 2870 964 21024
-27.4846 70.868 14337 15382 2891 859 21095
-29.2435 69.7265 14337 15416 2921 734 21157
-30.9689 68.5779 14337 15445 2959 591 21209
-32.6609 67.4152 14337 15468 3007 434 21254
-34.3307 66.2454 14337 15486 3059 267 21294
-35.9783 65.0757 14337 15498 3115 99 21335
-37.6146 63.9059 14337 15503 3173 -61 21383
-39.2176 62.7221 14337 15502 3232 -208 21442
-40.7872 61.5383 14337 15496 3290 -342 21513
-42.3457 60.3333 14337 15484 3348 -461 21597
-43.8819 59.1142 14337 15469 3402 -565 21694
-45.3847 57.874 14337 15449 3452 -654 21803
-46.8652 56.6127 14337 15425 3496 -731 21925
-48.3235 55.3161 14337 15399 3535 -795 22058
-49.7373 53.9984 14337 15370 3569 -850 22201
-51.1399 52.6384 14337 15338 3596 -894 22353
-52.498 51.2431 14337 15305 3617 -928 22514
-53.8227 49.8056 14337 15270 3633 -954 22682
-55.114 48.3258 14337 15234 3643 -971 22856
-56.3607 46.8038 14337 15196 3649 -981 23036
-57.563 45.2394 14337 15158 3650 -984 23220
-58.7318 43.6257 14337 15120 3649 -981 23407
-59.845 41.9698 14337 15082 3645 -973 23598
-60.9137 40.2645 14337 15043 3640 -960 23790
-61.9267 38.5169 14337 15005 3633 -943 23985
-62.8951 36.7271 14337 14967 3626 -923 24180
-63.7968 34.8879 14337 14930 3617 -900 24376
-64.6429 33.0135 14337 14893 3609 -874 24572
-65.4332 31.1039 14337 14857 3600 -847 24768
-66.1679 29.1519 14337 14822 3591 -818 24964
-66.8247 27.1718 14337 14787 3583 -788 25159
-67.4258 25.1565 14337 14754 3574 -756 25355
-67.9602 23.113 14337 14722 3564 -724 25549
-68.4277 21.0483 14337 14691 3553 -693 25741
-68.8173 18.9555 14337 14661 3541 -662 25932
-69.1513 16.8485 14337 14632 3528 -631 26121
-69.4073 14.7204 14337 14604 3515 -601 26309
-69.5965 12.5782 14337 14577 3503 -571 26494
-69.7079 10.422 14337 14551 3492 -542 26678
-69.7635 8.2657 14337 14527 3481 -514 26860
-69.7413 6.09534 14337 14503 3472 -487 27040
-69.6522 3.91793 14337 14480 3464 -461 27218
-69.4964 1.74757 14337 14458 3458 -436 27395
-69.2737 -0.415752 14337 14438 3454 -410 27572
-68.9843 -2.58612 14337 14418 3450 -386 27747
-68.6281 -4.74239 14337 14399 3449 -363 27921
-68.2051 -6.89866 14337 14381 3448 -341 28094
-67.7153 -9.03379 14337 14364 3448 -319 28266
-67.1587 -11.1619 14337 14347 3450 -299 28437
-66.5353 -13.2759 14337 14332 3452 -279 28607
-65.8562 -15.3687 14337 14317 3456 -260 28777
-65.1104 -17.4475 14337 14302 3463 -242 28947
-64.2978 -19.498 14337 14289 3471 -225 29116
-63.4183 -21.5345 14337 14276 3481 -208 29285
-62.4944 -23.5358 14337 14264 3493 -192 29454
-61.4925 -25.5159 14337 14252 3506 -176 29624
-60.4461 -27.4678 14337 14241 3520 -161 29793
-59.3329 -29.3915 14337 14230 3536 -147 29963
-58.153 -31.28 14337 14220 3554 -134 30133
-56.9285 -33.1333 14337 14211 3573 -120 30304
-55.6483 -34.9513 14337 14202 3593 -107 30475
-54.3013 -36.7341 14337 14193 3614 -94 30648
-52.9098 -38.4746 14337 14185 3635 -81 30822
-51.4627 -40.1799 14337 14177 3656 -68 30998
-49.9599 -41.8288 14337 14170 3676 -55 31174
-48.4014 -43.4425 14337 14164 3697 -43 31351
-46.7984 -44.9998 14337 14158 3716 -31 31529
-45.1509 -46.5148 14337 14152 3736 -20 31708
-43.4589 -47.9735 14337 14147 3755 -9 31889
-41.7112 -49.3758 14337 14142 3773 1 32069
-39.9301 -50.7287 14337 14138 3791 12 32251
-38.1044 -52.0253 14337 14134 3809 22 32434
-36.2343 -53.2585 14337 14130 3826 32 32618
-34.3196 -54.4282 14337 14127 3842 41 32802
-32.3715 -55.5416 14337 14125 3857 50 32987
-30.39 -56.5915 14337 14122 3873 58 33172
-28.364 -57.5781 14337 14120 3888 66 33358
-26.3158 -58.5012 14337 14118 3904 74 33545
-24.2341 -59.3538 14337 14117 3920 81 33732
-22.1191 -60.143 14337 14115 3936 88 33919
-19.9817 -60.8548 14337 14114 3952 95 34108
-17.8221 -61.503 14337 14114 3968 102 34298
-15.6403 -62.0738 14337 14113 3983 108 34488
-13.4473 -62.5812 14337 14113 3998 115 34680
-11.2321 -63.004 14337 14113 4011 122 34873
-9.00569 -63.3563 14337 14113 4023 129 35067
-6.77932 -63.6382 14337 14114 4033 135 35261
-4.53068 -63.8355 14337 14115 4043 140 35455
-2.28204 -63.9623 14337 14116 4051 145 35650
-0.0445275 -64.0116 14337 14117 4059 149 35844
2.21525 -63.9835 14337 14119 4066 153 38
4.46389 -63.8778 14337 14120 4073 157 232
6.70139 -63.7016 14337 14122 4080 161 428
8.9389 -63.4479 14337 14123 4088 164 623
11.1653 -63.1097 14337 14125 4095 167 819
13.3805 -62.701 14337 14127 4102 170 1015
15.5846 -62.2218 14337 14129 4109 172 1211
17.7665 -61.6581 14337 14131 4116 175 1408
19.9261 -61.0239 14337 14134 4122 177 1605
22.0634 -60.3192 14337 14136 4128 179 1803
24.1785 -59.537 14337 14139 4133 180 2000
26.2601 -58.6844 14337 14141 4138 181 2198
28.3195 -57.7613 14337 14144 4142 182 2396
30.3344 -56.7677 14337 14147 4146 182 2593
32.327 -55.7037 14337 14150 4150 182 2791
34.2751 -54.5762 14337 14152 4155 183 2989
36.1898 -53.3783 14337 14155 4159 183 3187
38.0488 -52.1099 14337 14158 4164 184 3385
39.8744 -50.7851 14337 14161 4167 185 3584
41.6555 -49.3969 14337 14164 4171 185 3783
43.381 -47.9453 14337 14167 4173 186 3982
45.0507 -46.4373 14337 14170 4176 186 4182
46.676 -44.873 14337 14173 4178 187 4382
48.2456 -43.2523 14337 14175 4180 187 4582
49.7484 -41.5752 14337 14178 4182 188 4782
51.1955 -39.8487 14337 14181 4182 188 4982
52.587 -38.08 14337 14184 4182 188 5182
53.9117 -36.2549 14337 14187 4181 188 5382
55.1696 -34.3876 14337 14191 4179 188 5582
56.3607 -32.4779 14337 14194 4178 189 5782
57.4962 -30.5331 14337 14197 4177 189 5981
58.5537 -28.5459 14337 14200 4177 188 6180
59.5444 -26.5235 14337 14203 4176 187 6379
60.4573 -24.4659 14337 14206 4175 186 6577
61.3033 -22.3801 14337 14209 4174 185 6776
62.0714 -20.2661 14337 14212 4173 184 6975
62.7727 -18.131 14337 14215 4173 183 7174
63.3961 -15.9677 14337 14218 4172 182 7373
63.9415 -13.7903 14337 14221 4169 182 7572
64.4202 -11.5917 14337 14224 4167 181 7771
64.821 -9.37907 14337 14227 4164 180 7969
65.1327 -7.15938 14337 14230 4161 179 8167
65.3776 -4.9256 14337 14233 4158 177 8364
65.5445 -2.68477 14337 14235 4156 174 8561
65.6336 -0.443938 14337 14238 4155 172 8758
65.6447 1.79689 14337 14241 4153 171 8956
65.5779 4.03772 14337 14243 4151 169 9153
65.4332 6.27855 14337 14246 4149 168 9350
65.2106 8.51234 14337 14248 4146 166 9547
64.9212 10.732 14337 14251 4144 165 9744
64.5427 12.9447 14337 14253 4142 164 9941
64.0974 15.1362 14337 14255 4139 163 10138
63.5742 17.3136 14337 14257 4136 161 10335
62.9842 19.4769 14337 14259 4133 160 10532
62.3163 21.612 14337 14262 4129 158 10729
61.5705 23.726 14337 14264 4126 157 10925
60.7578 25.8048 14337 14266 4122 156 11122
59.8673 27.8624 14337 14268 4119 154 11318
58.9211 29.8848 14337 14270 4116 152 11513
57.8969 31.8719 14337 14272 4113 149 11709
56.806 33.8239 14337 14274 4111 147 11903
55.6594 35.7405 14337 14276 4109 144 12098
54.446 37.6149 14337 14278 4107 142 12293
53.1659 39.4471 14337 14280 4106 140 12488
51.8189 41.2299 14337 14282 4104 139 12684
50.4274 42.9704 14337 14283 4102 138 12880
48.9692 44.6545 14337 14285 4099 137 13075
47.4552 46.2964 14337 14287 4096 136 13270
45.8856 47.8819 14337 14289 4093 134 13465
44.2715 49.411 14337 14290 4089 133 13659
42.6017 50.8838 14337 14292 4085 131 13854
40.8874 52.3072 14337 14293 4082 129 14048
39.1174 53.6601 14337 14295 4079 127 14242
37.3141 54.9567 14337 14296 4077 125 14436
35.4551 56.1969 14337 14298 4074 123 14629
33.5738 57.3667 14337 14299 4073 121 14823
31.6368 58.48 14337 14300 4072 120 15017
29.6776 59.5159 14337 14301 4071 119 15210
27.6739 60.4954 14337 14302 4069 118 15405
25.6479 61.3973 14337 14303 4067 118 15599
23.5885 62.2359 14337 14304 4063 118 15793
21.4957 62.9969 14337 14305 4059 117 15987
19.3917 63.6945 14337 14306 4054 116 16181
17.2544 64.3147 14337 14307 4050 115 16374
15.106 64.8643 14337 14308 4045 113 16566
12.9353 65.3435 14337 14309 4042 111 16758
10.7534 65.7522 14337 14310 4039 109 16950
8.54929 66.0834 14337 14311 4037 107 17141
6.34517 66.337 14337 14312 4035 106 17332
4.12993 66.5202 14337 14313 4035 105 17524
1.90355 66.633 14337 14313 4034 104 17716
-0.322825 66.6682 14337 14314 4034 103 17908
-2.53807 66.633 14337 14315 4034 102 18101
-4.75331 66.5202 14337 14316 4034 101 18292
-6.96856 66.33 14337 14316 4035 100 18483
-9.1838 66.0693 14337 14317 4036 99 18675
-11.3879 65.7381 14337 14318 4036 99 18867
-13.5698 65.3294 14337 14318 4037 99 19059
-15.7516 64.8431 14337 14319 4036 99 19252
-17.9112 64.2935 14337 14320 4036 99 19444
-20.0485 63.6664 14337 14320 4035 99 19636
-22.1525 62.9687 14337 14321 4034 98 19828
-24.2452 62.2007 14337 14322 4033 98 20019
-26.3158 61.3692 14337 14322 4032 97 20211
-28.3418 60.4601 14337 14323 4031 97 20403
-30.3455 59.4948 14337 14323 4031 97 20595
-32.3159 58.4518 14337 14324 4030 96 20786
-34.2528 57.3526 14337 14324 4029 95 20978
-36.1452 56.1828 14337 14325 4028 95 21170
-38.0043 54.9567 14337 14325 4028 94 21362
-39.8188 53.6672 14337 14326 4027 94 21554
-41.5887 52.3142 14337 14326 4026 95 21747
-43.3142 50.9119 14337 14326 4023 96 21940
-44.9951 49.4462 14337 14327 4020 96 22132
-46.6203 47.9312 14337 14327 4017 95 22323
-48.1899 46.3598 14337 14327 4014 94 22514
-49.7039 44.7391 14337 14327 4012 92 22705
-51.1733 43.062 14337 14328 4010 91 22896
-52.5759 41.3426 14337 14328 4008 91 23087
-53.934 39.581 14337 14328 4006 91 23279
-55.2253 37.77 14337 14328 4004 90 23469
-56.4498 35.9238 14337 14328 4003 89 23660
-57.6186 34.0353 14337 14328 4002 89 23851
-58.7207 32.1115 14337 14329 4001 89 24042
-59.756 30.1526 14337 14329 3999 89 24234
-60.7244 28.1584 14337 14329 3997 89 24425
-61.615 26.136 14337 14329 3994 89 24615
-62.4499 24.0784 14337 14329 3992 88 24806
-63.2068 22.0066 14337 14329 3989 87 24996
-63.9081 19.8997 14337 14329 3987 86 25186
-64.5204 17.7787 14337 14330 3984 85 25376
-65.077 15.6365 14337 14330 3982 85 25567
-65.5557 13.4732 14337 14330 3980 85 25756
-65.9564 11.3028 14337 14329 3979 84 25945
-66.2904 9.1113 14337 14329 3978 83 26134
-66.5464 6.91275 14337 14329 3977 82 26323
-66.7356 4.70715 14337 14329 3977 81 26513
-66.847 2.50156 14337 14329 3977 80 26702
-66.8915 0.288912 14337 14328 3977 79 26891
-66.8581 -1.92373 14337 14328 3978 79 27081
-66.7468 -4.13638 14337 14327 3978 79 27271
-66.5687 -6.34197 14337 14327 3979 80 27461
-66.3238 -8.54052 14337 14326 3980 81 27652
-66.0009 -10.732 14337 14326 3980 82 27842
-65.6002 -12.9094 14337 14325 3980 82 28032
-65.1327 -15.0798 14337 14325 3979 82 28222
-64.5983 -17.229 14337 14325 3978 82 28412
-63.9861 -19.3571 14337 14324 3978 82 28602
-63.307 -21.4641 14337 14324 3978 82 28791
-62.5612 -23.5499 14337 14324 3979 82 28980
-61.7374 -25.6145 14337 14323 3980 82 29169
-60.8469 -27.644 14337 14323 3981 82 29359
-59.8895 -29.6522 14337 14323 3983 82 29548
-58.8765 -31.6253 14337 14322 3985 82 29738
-57.7856 -33.5631 14337 14322 3987 83 29928
-56.639 -35.4657 14337 14321 3990 84 30119
-55.4257 -37.326 14337 14321 3992 85 30309
-54.1566 -39.1511 14337 14321 3994 86 30499
-52.8208 -40.9269 14337 14320 3995 87 30690
-51.4182 -42.6674 14337 14320 3997 88 30880
-49.971 -44.3515 14337 14320 3998 89 31071
-48.4682 -45.9934 14337 14320 4000 90 31261
-46.9098 -47.5859 14337 14320 4002 91 31452
-45.2956 -49.1221 14337 14319 4004 92 31643
-43.637 -50.6019 14337 14320 4006 93 31834
-41.9227 -52.0324 14337 14320 4008 95 32026
-40.1638 -53.3994 14337 14320 4009 96 32217
-38.3605 -54.7101 14337 14320 4010 97 32409
-36.5237 -55.9573 14337 14320 4011 99 32601
-34.6313 -57.1412 14337 14320 4011 100 32792
-32.7055 -58.2686 14337 14321 4011 101 32983
-30.7463 -59.3256 14337 14321 4010 102 33174
-28.7537 -60.3192 14337 14321 4010 103 33365
-26.7165 -61.2423 14337 14321 4009 103 33556
-24.6683 -62.102 14337 14321 4009 104 33747
-22.5755 -62.8842 14337 14322 4009 104 33938
-20.4715 -63.6029 14337 14322 4009 103 34128
-18.3342 -64.2512 14337 14322 4008 103 34319
-16.1858 -64.8291 14337 14322 4007 103 34511
-14.015 -65.3294 14337 14322 4006 104 34702
-11.8332 -65.7592 14337 14322 4005 104 34893
-9.62908 -66.1186 14337 14322 4003 104 35084
-7.42497 -66.4005 14337 14322 4002 104 35275
-5.20972 -66.6119 14337 14322 4000 104 35465
-2.99448 -66.7528 14337 14322 3999 104 35655
-0.7681 -66.8162 14337 14322 3998 104 35846
1.44714 -66.8021 14337 14322 3997 104 35
3.67352 -66.7176 14337 14322 3997 104 225
5.88877 -66.5625 14337 14322 3996 104 415
8.09288 -66.33 14337 14322 3995 104 605
10.297 -66.027 14337 14323 3994 103 795
12.49 -65.6465 14337 14323 3994 102 985
14.6607 -65.1955 14337 14323 3995 101 1175
16.8203 -64.6811 14337 14323 3996 101 1366
18.9576 -64.0892 14337 14323 3996 101 1556
21.0727 -63.4268 14337 14323 3996 102 1747
23.1766 -62.6939 14337 14323 3995 102 1938
25.2471 -61.8906 14337 14323 3996 102 2128
27.2842 -61.0168 14337 14323 3997 101 2318
29.2991 -60.0796 14337 14324 3997 101 2508
31.2806 -59.079 14337 14324 3997 101 2699
33.2175 -58.0079 14337 14324 3996 101 2890
35.1322 -56.8734 14337 14324 3996 102 3081
36.9913 -55.6825 14337 14324 3996 102 3271
38.8169 -54.4212 14337 14324 3995 102 3462
40.6091 -53.1035 14337 14324 3995 102 3652
42.3457 -51.7294 14337 14324 3994 102 3843
44.0377 -50.2989 14337 14324 3994 102 4034
45.6741 -48.812 14337 14324 3993 103 4224
47.266 -47.2688 14337 14324 3992 103 4415
48.8133 -45.6763 14337 14324 3991 103 4605
50.2939 -44.0344 14337 14324 3990 103 4795
51.7299 -42.3432 14337 14324 3990 103 4986
53.0991 -40.6027 14337 14324 3989 103 5176
54.4127 -38.8199 14337 14324 3988 103 5366
55.6706 -36.9948 14337 14324 3987 103 5556
56.8617 -35.1275 14337 14324 3986 103 5746
57.9971 -33.2249 14337 14325 3986 102 5936
59.0658 -31.28 14337 14325 3985 102 6126
60.0676 -29.307 14337 14325 3985 103 6316
61.0027 -27.2987 14337 14325 3984 103 6507
61.8821 -25.2622 14337 14325 3983 103 6697
62.6836 -23.1975 14337 14325 3982 103 6887
63.4183 -21.1117 14337 14326 3981 103 7076
64.0751 -18.9977 14337 14326 3980 102 7266
64.6651 -16.8626 14337 14326 3980 102 7456
65.1883 -14.7063 14337 14326 3980 101 7645
65.6447 -12.536 14337 14326 3980 100 7834
66.0232 -10.3515 14337 14326 3980 99 8023
66.3349 -8.16 14337 14327 3982 99 8212
66.5687 -5.95441 14337 14327 3982 100 8402
66.7245 -3.74176 14337 14327 3984 100 8592
66.8136 -1.52912 14337 14327 3985 100 8782
66.8247 0.683524 14337 14327 3986 101 8972
66.769 2.89617 14337 14328 3986 101 9162
66.6355 5.10881 14337 14328 3985 101 9352
66.424 7.31441 14337 14328 3985 101 9542
66.1457 9.52001 14337 14328 3984 100 9731
65.8006 11.7045 14337 14328 3983 100 9921
65.3776 13.8819 14337 14328 3983 101 10111
64.8766 16.0381 14337 14328 3982 100 10301
64.32 18.1803 14337 14329 3982 100 10491
63.6744 20.3084 14337 14329 3983 99 10680
62.9731 22.4083 14337 14329 3984 99 10870
62.1938 24.48 14337 14330 3984 98 11060
61.3478 26.5306 14337 14330 3984 98 11249
60.435 28.553 14337 14330 3984 98 11439
59.4554 30.5401 14337 14331 3985 98 11628
58.4201 32.4991 14337 14331 3985 97 11818
57.3069 34.4228 14337 14331 3985 97 12008
56.1381 36.3043 14337 14332 3985 98 12198
54.9136 38.1434 14337 14332 3985 98 12388
53.6223 39.9474 14337 14332 3985 98 12578
52.2642 41.702 14337 14332 3984 98 12768
50.8616 43.4143 14337 14333 3984 97 12958
49.4033 45.0773 14337 14333 3983 97 13148
47.8782 46.691 14337 14333 3981 97 13339
46.3198 48.2483 14337 14334 3980 97 13529
44.6945 49.7563 14337 14334 3978 97 13719
43.0247 51.215 14337 14335 3976 97 13909
41.3104 52.6102 14337 14335 3975 96 14098
39.5516 53.9561 14337 14336 3973 96 14287
37.7482 55.2386 14337 14336 3972 94 14476
35.9003 56.4576 14337 14336 3972 93 14664
34.019 57.6203 14337 14337 3973 92 14853
32.0932 58.7196 14337 14337 3973 91 15043
30.134 59.7484 14337 14338 3974 90 15232
28.1414 60.7209 14337 14338 3975 90 15421
26.1265 61.6228 14337 14339 3976 89 15610
24.0783 62.4614 14337 14339 3976 89 15799
21.9966 63.2295 14337 14339 3977 88 15989
19.8927 63.9271 14337 14340 3978 88 16178
17.7665 64.5613 14337 14340 3980 88 16368
15.6292 65.118 14337 14340 3981 89 16558
13.4696 65.6042 14337 14341 3982 90 16749
11.2877 66.0199 14337 14341 3983 90 16939
9.10588 66.3652 14337 14341 3983 90 17130
6.9129 66.633 14337 14342 3983 91 17320
4.70879 66.8303 14337 14342 3981 91 17510
2.49354 66.9571 14337 14342 3979 91 17701
0.278297 67.0065 14337 14343 3977 90 17891
-1.91468 66.9783 14337 14343 3976 90 18082
-4.12993 66.8867 14337 14343 3975 89 18271
-6.33404 66.7176 14337 14344 3974 89 18460
-8.52702 66.4709 14337 14344 3973 89 18650
-10.72 66.1538 14337 14344 3971 88 18839
-12.9019 65.7733 14337 14345 3970 87 19028
-15.0614 65.3153 14337 14345 3969 86 19216
-17.2099 64.7797 14337 14346 3968 84 19405
-19.3361 64.1808 14337 14346 3967 82 19593
-21.4511 63.5184 14337 14346 3967 81 19781
-23.5328 62.7785 14337 14346 3968 80 19970
-25.5922 61.9681 14337 14346 3968 79 20159
-27.6293 61.0943 14337 14346 3969 80 20349
-29.6331 60.1571 14337 14347 3970 80 20539
-31.6034 59.1495 14337 14347 3970 81 20728
-33.5292 58.0784 14337 14347 3970 81 20918
-35.4328 56.9439 14337 14348 3971 81 21107
-37.2918 55.7459 14337 14348 3972 80 21297
-39.1063 54.4916 14337 14348 3973 80 21486
-40.8874 53.1739 14337 14348 3973 81 21676
-42.6129 51.7998 14337 14349 3973 81 21866
-44.3049 50.3694 14337 14349 3972 82 22056
-45.9413 48.8825 14337 14349 3970 82 22245
-47.522 47.3393 14337 14349 3969 81 22434
-49.0582 45.7468 14337 14349 3969 80 22623
-50.5499 44.1049 14337 14350 3969 79 22812
-51.9748 42.4137 14337 14350 3969 78 23001
-53.344 40.6802 14337 14350 3969 77 23189
-54.6687 38.8974 14337 14350 3969 76 23378
-55.9266 37.0724 14337 14350 3969 76 23567
-57.1177 35.205 14337 14350 3971 76 23756
-58.2643 33.3024 14337 14350 3972 76 23944
-59.3329 31.3575 14337 14350 3974 77 24134
-60.3459 29.3845 14337 14350 3976 77 24323
-61.281 27.3762 14337 14350 3977 77 24513
-62.1604 25.3327 14337 14350 3979 77 24703
-62.9619 23.268 14337 14350 3980 77 24893
-63.6966 21.1751 14337 14350 3981 77 25083
-64.3646 19.0612 14337 14350 3982 78 25273
-64.9657 16.926 14337 14350 3983 78 25463
-65.4889 14.7697 14337 14350 3982 78 25653
-65.9453 12.6064 14337 14350 3981 79 25844
-66.3238 10.422 14337 14349 3980 79 26034
-66.6355 8.23047 14337 14349 3978 79 26225
-66.8804 6.02487 14337 14349 3976 79 26415
-67.0362 3.81928 14337 14349 3974 79 26605
-67.1364 1.60663 14337 14349 3972 79 26795
-67.1475 -0.598964 14337 14349 3969 79 26984
-67.0919 -2.81161 14337 14349 3967 79 27174
-66.9583 -5.01721 14337 14349 3964 79 27363
-66.7579 -7.2228 14337 14349 3963 78 27552
-66.4796 -9.42135 14337 14349 3961 78 27740
-66.1234 -11.6058 14337 14349 3960 77 27928
-65.7115 -13.7762 14337 14349 3959 76 28116
-65.2106 -15.9395 14337 14349 3959 75 28304
-64.654 -18.0746 14337 14349 3959 74 28493
-64.0195 -20.2027 14337 14349 3960 73 28681
-63.3182 -22.3026 14337 14348 3961 73 28869
-62.5389 -24.3743 14337 14348 3963 73 29058
-61.704 -26.4249 14337 14348 3964 74 29247
-60.7912 -28.4473 14337 14348 3966 74 29437
-59.8227 -30.4344 14337 14347 3967 74 29626
-58.7875 -32.3934 14337 14347 3968 74 29815
-57.6854 -34.3101 14337 14347 3968 74 30004
-56.5166 -36.1986 14337 14346 3967 75 30194
-55.2921 -38.0377 14337 14346 3967 76 30384
-54.0119 -39.8417 14337 14346 3966 76 30573
-52.6649 -41.5963 14337 14345 3966 77 30763
-51.2623 -43.3086 14337 14345 3965 78 30953
-49.8041 -44.9787 14337 14345 3965 78 31142
-48.2901 -46.5924 14337 14344 3964 78 31332
-46.7317 -48.1567 14337 14344 3963 78 31521
-45.1175 -49.6717 14337 14344 3963 79 31711
-43.4477 -51.1233 14337 14343 3961 79 31900
-41.7446 -52.5256 14337 14343 3960 79 32089
-39.9857 -53.8715 14337 14342 3959 79 32278
-38.1935 -55.154 14337 14342 3958 78 32466
-36.3456 -56.3801 14337 14341 3958 77 32655
-34.4643 -57.5428 14337 14340 3958 76 32843
-32.5496 -58.6492 14337 14340 3958 76 33032
-30.5904 -59.685 14337 14339 3959 76 33220
-28.5978 -60.6574 14337 14338 3959 76 33409
-26.5829 -61.5665 14337 14338 3961 76 33598
-24.5235 -62.405 14337 14337 3962 77 33786
-22.453 -63.1801 14337 14336 3964 77 33975
-20.3491 -63.8848 14337 14336 3966 78 34164
-18.2229 -64.519 14337 14335 3968 78 34354
-16.0744 -65.0827 14337 14335 3969 79 34544
-13.9149 -65.576 14337 14334 3971 80 34734
-11.733 -65.9918 14337 14333 3972 81 34924
-9.55116 -66.3441 14337 14332 3973 82 35115
-7.34704 -66.6189 14337 14332 3972 84 35306
-5.14293 -66.8232 14337 14331 3972 84 35496
-2.93882 -66.9501 14337 14331 3970 86 35687
-0.723572 -67.0065 14337 14330 3968 87 35878
1.46941 -66.9853 14337 14330 3964 89 68
3.68465 -66.8937 14337 14329 3961 89 258
5.88877 -66.7316 14337 14329 3958 89 447
8.09288 -66.4921 14337 14329 3955 89 636
10.2747 -66.182 14337 14329 3953 88 825
12.4566 -65.8015 14337 14328 3952 88 1013
14.6162 -65.3435 14337 14328 3951 88 1201
16.7646 -64.822 14337 14328 3950 88 1389
18.8908 -64.2301 14337 14328 3951 89 1578
20.9947 -63.5607 14337 14327 3950 89 1767
23.0764 -62.8278 14337 14327 3950 88 1955
25.1358 -62.0315 14337 14326 3951 88 2144
27.1729 -61.1578 14337 14326 3951 88 2332
29.1767 -60.2276 14337 14326 3952 88 2521
31.147 -59.227 14337 14325 3953 88 2710
33.084 -58.1629 14337 14325 3954 89 2900
34.9764 -57.0355 14337 14325 3954 90 3089
36.8354 -55.8446 14337 14325 3954 90 3278
38.661 -54.5903 14337 14325 3955 90 3467
40.431 -53.2867 14337 14325 3954 90 3655
42.1676 -51.9126 14337 14324 3954 90 3844
43.8596 -50.4892 14337 14324 3955 90 4033
45.496 -49.0094 14337 14324 3956 90 4222
47.0879 -47.4802 14337 14323 3956 90 4411
48.6352 -45.8947 14337 14323 3957 91 4600
50.1157 -44.2599 14337 14323 3957 92 4789
51.5518 -42.5758 14337 14323 3957 93 4978
52.921 -40.8493 14337 14323 3957 93 5168
54.2345 -39.0736 14337 14322 3956 95 5358
55.4924 -37.2626 14337 14322 3955 96 5548
56.6947 -35.4023 14337 14322 3954 97 5738
57.8301 -33.5138 14337 14322 3953 97 5928
58.8988 -31.583 14337 14322 3951 96 6116
59.9007 -29.617 14337 14322 3950 96 6305
60.8469 -27.6228 14337 14322 3949 96 6494
61.7152 -25.6004 14337 14322 3947 96 6682
62.5278 -23.5499 14337 14323 3946 96 6871
63.2736 -21.4711 14337 14323 3945 96 7059
63.9415 -19.3712 14337 14323 3943 96 7247
64.5427 -17.2502 14337 14323 3943 95 7435
65.077 -15.108 14337 14323 3943 94 7623
65.5445 -12.9517 14337 14323 3943 93 7811
65.9342 -10.7814 14337 14324 3943 93 7999
66.257 -8.5969 14337 14324 3944 92 8188
66.5019 -6.40539 14337 14324 3945 93 8376
66.68 -4.20684 14337 14324 3946 93 8564
66.7802 -2.00124 14337 14324 3948 93 8752
66.8136 0.197306 14337 14324 3949 92 8940
66.769 2.4029 14337 14324 3950 91 9127
66.6577 4.6085 14337 14324 3952 91 9316
66.4796 6.8141 14337 14325 3954 91 9505
66.2236 9.0056 14337 14325 3956 91 9694
65.8896 11.1901 14337 14325 3959 92 9883
65.4889 13.3675 14337 14325 3962 92 10072
65.0213 15.5237 14337 14325 3964 92 10261
64.4759 17.6659 14337 14325 3967 93 10451
63.8636 19.794 14337 14326 3968 94 10641
63.1734 21.8939 14337 14326 3970 94 10831
62.4165 23.9727 14337 14326 3971 94 11021
61.5927 26.0303 14337 14326 3972 94 11211
60.7022 28.0527 14337 14327 3972 94 11400
59.7448 30.0469 14337 14327 3972 95 11590
58.7207 32.0058 14337 14327 3972 96 11780
57.6298 33.9296 14337 14328 3971 96 11970
56.4832 35.8251 14337 14328 3970 97 12160
55.2698 37.6713 14337 14328 3969 97 12350
54.0008 39.4823 14337 14329 3969 97 12540
52.6649 41.251 14337 14329 3969 97 12730
51.2735 42.9704 14337 14330 3970 97 12919
49.8263 44.6475 14337 14330 3970 97 13108
48.3346 46.2753 14337 14331 3971 96 13298
46.7762 47.8537 14337 14331 3971 96 13487
45.1732 49.3758 14337 14332 3972 95 13676
43.5145 50.8485 14337 14332 3973 95 13865
41.8114 52.2649 14337 14333 3974 95 14054
40.0637 53.6249 14337 14334 3975 94 14244
38.2714 54.9285 14337 14334 3976 94 14433
36.4347 56.1687 14337 14335 3976 95 14623
34.5645 57.3455 14337 14336 3976 95 14813
32.6498 58.4589 14337 14336 3976 95 15002
30.6906 59.5159 14337 14337 3976 94 15192
28.7091 60.5024 14337 14337 3976 93 15381
26.6943 61.4255 14337 14338 3976 92 15570
24.646 62.2782 14337 14338 3976 91 15759
22.5755 63.0674 14337 14339 3976 91 15948
20.4827 63.7862 14337 14340 3977 91 16137
18.3565 64.4415 14337 14340 3978 91 16326
16.2192 65.0193 14337 14341 3980 91 16515
14.0596 65.5267 14337 14341 3982 91 16705
11.8777 65.9636 14337 14342 3984 91 16894
9.68474 66.33 14337 14342 3986 90 17084
7.48063 66.6259 14337 14343 3987 90 17275
5.27651 66.8444 14337 14343 3988 90 17465
3.06127 66.9924 14337 14344 3990 90 17655
0.834891 67.0628 14337 14345 3990 90 17845
-1.36922 67.0628 14337 14345 3990 90 18036
-3.5956 66.9924 14337 14346 3989 91 18227
-5.81084 66.8444 14337 14347 3988 91 18417
-8.02609 66.6189 14337 14347 3987 91 18608
-10.2191 66.33 14337 14348 3987 91 18798
-12.4121 65.9636 14337 14349 3987 90 18988
-14.5939 65.5196 14337 14349 3986 89 19177
-16.7535 65.0123 14337 14350 3987 89 19367
-18.8908 64.4274 14337 14351 3987 88 19557
-21.017 63.7791 14337 14351 3987 88 19747
-23.1098 63.0533 14337 14352 3987 87 19936
-25.1803 62.2641 14337 14353 3987 87 20126
-27.2286 61.4044 14337 14353 3986 86 20315
-29.2435 60.4813 14337 14354 3986 85 20505
-31.2249 59.4877 14337 14355 3985 84 20694
-33.173 58.4378 14337 14355 3984 83 20884
-35.0877 57.3173 14337 14356 3983 82 21074
-36.9579 56.1335 14337 14357 3982 80 21263
-38.7946 54.8933 14337 14357 3981 80 21453
-40.5757 53.5897 14337 14357 3980 79 21642
-42.3234 52.2226 14337 14358 3978 78 21831
-44.0266 50.8062 14337 14358 3977 77 22020
-45.6741 49.3335 14337 14358 3976 76 22210
-47.2771 47.8044 14337 14359 3975 76 22399
-48.8244 46.2259 14337 14359 3975 75 22588
-50.3161 44.5982 14337 14359 3974 74 22778
-51.7633 42.9211 14337 14359 3974 73 22967
-53.1436 41.1946 14337 14359 3973 72 23155
-54.4683 39.4259 14337 14359 3972 71 23345
-55.7373 37.6149 14337 14359 3970 71 23534
-56.9507 35.7617 14337 14359 3969 71 23723
-58.0973 33.8661 14337 14359 3967 70 23912
-59.1771 31.9354 14337 14359 3967 69 24101
-60.2012 29.9764 14337 14359 3967 69 24290
-61.1586 27.9751 14337 14359 3966 69 24480
-62.0491 25.9528 14337 14359 3966 68 24669
-62.8618 23.8951 14337 14359 3966 67 24857
-63.6187 21.8164 14337 14359 3965 67 25046
-64.3089 19.7094 14337 14359 3965 66 25235
-64.9212 17.5814 14337 14358 3965 66 25425
-65.4666 15.4321 14337 14358 3965 66 25614
-65.9453 13.2688 14337 14358 3966 66 25803
-66.346 11.0914 14337 14358 3966 65 25992
-66.6689 8.8999 14337 14358 3967 65 26181
-66.9249 6.70135 14337 14358 3968 65 26371
-67.1141 4.48871 14337 14357 3969 65 26559
-67.2254 2.27606 14337 14357 3969 64 26748
-67.27 0.0634197 14337 14357 3969 64 26937
-67.2366 -2.14218 14337 14356 3968 65 27127
-67.1253 -4.35482 14337 14356 3968 65 27316
-66.9472 -6.56042 14337 14356 3968 66 27506
-66.6911 -8.75897 14337 14355 3966 67 27697
-66.3572 -10.9505 14337 14355 3965 67 27887
-65.9564 -13.1279 14337 14355 3963 68 28077
-65.4889 -15.2912 14337 14355 3961 67 28266
-64.9434 -17.4334 14337 14354 3959 67 28455
-64.32 -19.5615 14337 14354 3957 67 28644
-63.641 -21.6684 14337 14354 3955 67 28832
-62.884 -23.7472 14337 14354 3954 66 29020
-62.0603 -25.8048 14337 14354 3954 65 29207
-61.1697 -27.8342 14337 14353 3955 64 29395
-60.2235 -29.8355 14337 14353 3956 64 29583
-59.1994 -31.8015 14337 14353 3958 63 29771
-58.1196 -33.7322 14337 14352 3960 64 29959
-56.973 -35.6348 14337 14352 3961 64 30148
-55.7707 -37.4952 14337 14351 3964 65 30337
-54.5017 -39.3132 14337 14351 3965 65 30526
-53.177 -41.0889 14337 14350 3967 65 30715
-51.7855 -42.8154 14337 14350 3968 65 30905
-50.3495 -44.4995 14337 14349 3968 66 31094
-48.8467 -46.1343 14337 14349 3968 66 31284
-47.2994 -47.7198 14337 14348 3967 67 31473
-45.7075 -49.2489 14337 14347 3967 67 31663
-44.0489 -50.7287 14337 14347 3966 68 31852
-42.3568 -52.1522 14337 14346 3966 69 32042
-40.6091 -53.5192 14337 14346 3967 69 32231
-38.8169 -54.8299 14337 14345 3967 69 32421
-36.9801 -56.0771 14337 14345 3967 70 32610
-35.11 -57.261 14337 14344 3967 70 32799
-33.1953 -58.3884 14337 14343 3967 71 32988
-31.2472 -59.4525 14337 14343 3966 72 33178
-29.2657 -60.446 14337 14342 3966 73 33367
-27.2509 -61.3762 14337 14342 3965 73 33556
-25.2137 -62.2359 14337 14341 3965 74 33746
-23.1432 -63.0322 14337 14341 3965 75 33935
-21.0393 -63.758 14337 14340 3964 75 34124
-18.9242 -64.4133 14337 14339 3964 75 34313
-16.7869 -64.9982 14337 14339 3963 75 34502
-14.6273 -65.5126 14337 14338 3961 75 34691
-12.4566 -65.9565 14337 14338 3960 76 34881
-10.2747 -66.33 14337 14337 3959 76 35070
-8.08175 -66.6259 14337 14336 3959 76 35259
-5.87764 -66.8514 14337 14336 3960 75 35447
-3.67352 -67.0065 14337 14335 3960 75 35636
-1.45828 -67.091 14337 14335 3961 75 35825
0.745836 -67.0981 14337 14334 3962 76 13
2.96108 -67.0347 14337 14334 3962 76 202
5.16519 -66.8937 14337 14333 3962 77 391
7.38044 -66.6823 14337 14333 3961 78 581
9.57342 -66.4005 14337 14332 3960 78 770
11.7553 -66.0411 14337 14332 3960 79 959
13.926 -65.6183 14337 14331 3960 79 1148
16.0856 -65.118 14337 14331 3960 78 1337
18.2229 -64.5472 14337 14331 3961 78 1526
20.3491 -63.9059 14337 14330 3961 78 1715
22.4419 -63.1942 14337 14330 3961 78 1904
24.5235 -62.4191 14337 14330 3962 78 2093
26.5718 -61.5735 14337 14330 3962 79 2282
28.5867 -60.6574 14337 14329 3962 79 2471
30.5682 -59.678 14337 14329 3962 79 2660
32.5274 -58.6351 14337 14329 3963 79 2849
34.4421 -57.5217 14337 14329 3963 80 3038
36.3233 -56.352 14337 14329 3964 81 3228
38.1601 -55.1188 14337 14328 3964 82 3418
39.9523 -53.8222 14337 14328 3965 83 3608
41.7112 -52.4693 14337 14328 3966 84 3798
43.4143 -51.0599 14337 14328 3966 85 3987
45.073 -49.5942 14337 14328 3966 86 4177
46.676 -48.0792 14337 14328 3966 86 4366
48.2345 -46.5078 14337 14328 3965 86 4555
49.7373 -44.88 14337 14328 3964 85 4743
51.1955 -43.21 14337 14328 3962 85 4932
52.587 -41.4906 14337 14328 3962 84 5120
53.9228 -39.7289 14337 14328 3962 84 5309
55.203 -37.925 14337 14328 3962 83 5498
56.4275 -36.0788 14337 14328 3962 83 5687
57.5852 -34.1903 14337 14328 3962 83 5875
58.6873 -32.2595 14337 14328 3963 83 6064
59.7226 -30.3005 14337 14328 3963 83 6252
60.691 -28.3063 14337 14328 3965 83 6441
61.6038 -26.2769 14337 14327 3967 83 6629
62.4387 -24.2263 14337 14327 3970 84 6818
63.218 -22.1405 14337 14327 3972 84 7007
63.9193 -20.0406 14337 14327 3974 85 7197
64.5538 -17.9125 14337 14327 3976 87 7388
65.1215 -15.7633 14337 14327 3977 88 7579
65.6113 -13.6 14337 14327 3977 89 7769
66.0232 -11.4226 14337 14327 3977 90 7959
66.3794 -9.23814 14337 14327 3976 90 8149
66.6466 -7.03959 14337 14327 3975 90 8339
66.847 -4.82695 14337 14327 3974 89 8528
66.9694 -2.6143 14337 14327 3973 88 8717
67.0251 -0.401658 14337 14327 3972 88 8906
67.0028 1.80394 14337 14327 3971 88 9095
66.9138 4.02363 14337 14327 3970 88 9285
66.7468 6.22923 14337 14327 3970 88 9474
66.513 8.43482 14337 14327 3970 88 9663
66.2013 10.6263 14337 14327 3969 88 9852
65.8117 12.8108 14337 14327 3969 88 10042
65.3664 14.9741 14337 14327 3969 89 10232
64.8321 17.1233 14337 14327 3969 90 10422
64.2421 19.2585 14337 14327 3969 91 10612
63.5742 21.3654 14337 14327 3967 90 10802
62.8395 23.4512 14337 14328 3965 90 10992
62.0269 25.5088 14337 14328 3963 90 11181
61.1586 27.5453 14337 14328 3961 89 11369
60.2124 29.5465 14337 14328 3960 88 11558
59.2105 31.5196 14337 14328 3959 86 11746
58.1418 33.4574 14337 14329 3960 85 11934
57.0064 35.36 14337 14329 3961 84 12121
55.8041 37.2274 14337 14329 3962 84 12309
54.5462 39.0454 14337 14329 3964 83 12497
53.2327 40.8353 14337 14330 3966 82 12686
51.8634 42.5687 14337 14330 3969 82 12875
50.4386 44.267 14337 14330 3971 82 13064
48.9469 45.9088 14337 14330 3974 82 13253
47.4107 47.5014 14337 14330 3976 83 13443
45.8188 49.0446 14337 14330 3977 84 13634
44.1824 50.5385 14337 14331 3978 84 13824
42.4904 51.976 14337 14331 3979 85 14014
40.7538 53.3501 14337 14331 3980 86 14205
38.9727 54.6678 14337 14332 3980 87 14396
37.1471 55.9292 14337 14332 3979 88 14586
35.2769 57.1271 14337 14332 3979 88 14775
33.3734 58.2616 14337 14333 3978 87 14965
31.4364 59.3327 14337 14333 3977 88 15154
29.455 60.3403 14337 14334 3976 88 15344
27.4512 61.2846 14337 14334 3975 88 15534
25.4141 62.1584 14337 14335 3974 88 15723
23.3547 62.9617 14337 14336 3973 88 15913
21.2619 63.7016 14337 14336 3972 87 16102
19.158 64.371 14337 14337 3971 87 16291
17.0207 64.97 14337 14337 3971 87 16480
14.8611 65.4985 14337 14338 3970 87 16669
12.6903 65.9495 14337 14339 3970 87 16858
10.5085 66.337 14337 14340 3969 87 17047
8.31552 66.6471 14337 14340 3970 86 17236
6.1114 66.8867 14337 14341 3969 85 17425
3.89616 67.0487 14337 14342 3969 84 17613
1.68091 67.1474 14337 14343 3970 82 17801
-0.53433 67.1615 14337 14344 3971 81 17990
-2.73844 67.1122 14337 14345 3971 79 18179
-4.95369 66.9853 14337 14345 3972 78 18367
-7.16893 66.788 14337 14346 3973 77 18556
-9.36191 66.5202 14337 14347 3974 76 18744
-11.5549 66.175 14337 14347 3974 76 18934
-13.7367 65.7663 14337 14348 3975 76 19123
-15.9075 65.28 14337 14348 3975 76 19312
-18.0559 64.7234 14337 14349 3976 76 19502
-20.1821 64.0962 14337 14349 3975 76 19692
-22.286 63.3986 14337 14350 3974 75 19881
-24.3566 62.6305 14337 14350 3973 75 20071
-26.416 61.799 14337 14351 3971 74 20261
-28.4308 60.897 14337 14351 3968 74 20451
-30.4234 59.9316 14337 14352 3965 73 20641
-32.3827 58.8958 14337 14352 3963 73 20830
-34.2973 57.8036 14337 14352 3961 72 21018
-36.1898 56.6409 14337 14353 3959 71 21206
-38.0377 55.4218 14337 14353 3957 69 21394
-39.841 54.1393 14337 14353 3957 67 21581
-41.611 52.8004 14337 14354 3957 66 21769
-43.3253 51.4052 14337 14354 3958 65 21956
-45.0062 49.9536 14337 14354 3960 64 22144
-46.6315 48.4456 14337 14354 3962 63 22332
-48.2122 46.8883 14337 14354 3964 62 22520
-49.7373 45.2746 14337 14354 3967 62 22709
-51.2067 43.6187 14337 14353 3969 62 22898
-52.6204 41.9063 14337 14353 3972 63 23088
-53.9785 40.1517 14337 14353 3974 62 23278
-55.2809 38.3548 14337 14353 3975 62 23468
-56.5277 36.5157 14337 14353 3976 63 23658
-57.7077 34.6413 14337 14353 3977 64 23849
-58.8209 32.7246 14337 14352 3976 64 24040
-59.8673 30.7727 14337 14352 3975 64 24231
-60.8469 28.7855 14337 14352 3974 65 24421
-61.7597 26.7702 14337 14352 3972 65 24612
-62.6169 24.7266 14337 14352 3970 65 24802
-63.3849 22.6549 14337 14352 3967 65 24992
-64.0974 20.5621 14337 14352 3963 65 25182
-64.7319 18.4481 14337 14351 3960 65 25371
-65.3108 16.313 14337 14351 3956 65 25560
-65.8006 14.1637 14337 14351 3953 64 25750
-66.2347 11.9934 14337 14351 3951 63 25938
-66.5798 9.81596 14337 14351 3948 62 26127
-66.8692 7.62446 14337 14351 3946 61 26315
-67.0696 5.42591 14337 14351 3945 60 26503
-67.2032 3.22031 14337 14350 3944 60 26691
-67.27 1.01472 14337 14350 3942 59 26878
-67.2589 -1.18383 14337 14350 3941 59 27066
-67.1809 -3.38943 14337 14349 3940 58 27254
-67.0251 -5.59503 14337 14349 3940 58 27442
-66.7913 -7.79358 14337 14348 3940 59 27631
-66.4907 -9.97804 14337 14348 3941 59 27820
-66.1234 -12.1554 14337 14347 3941 60 28008
-65.6781 -14.3188 14337 14347 3940 60 28197
-65.1549 -16.468 14337 14347 3940 60 28385
-64.5649 -18.5961 14337 14346 3939 60 28574
-63.9193 -20.703 14337 14346 3938 60 28762
-63.1846 -22.7818 14337 14345 3936 60 28951
-62.3942 -24.8464 14337 14345 3935 61 29140
-61.5371 -26.8759 14337 14345 3933 61 29328
-60.6131 -28.8771 14337 14345 3931 60 29515
-59.6224 -30.8502 14337 14344 3930 59 29702
-58.5648 -32.788 14337 14344 3930 58 29889
-57.4517 -34.6976 14337 14343 3930 57 30077
-56.2717 -36.565 14337 14343 3931 57 30264
-55.036 -38.3901 14337 14342 3933 58 30452
-53.7336 -40.1799 14337 14342 3935 59 30640
-52.3755 -41.9204 14337 14341 3936 60 30828
-50.9618 -43.6187 14337 14341 3937 60 31016
-49.4924 -45.2746 14337 14340 3939 60 31203
-47.9673 -46.8742 14337 14339 3940 59 31391
-46.3866 -48.4315 14337 14339 3942 59 31579
-44.7613 -49.9325 14337 14338 3945 60 31768
-43.0915 -51.377 14337 14337 3948 61 31957
-41.3661 -52.7652 14337 14337 3950 62 32146
-39.5961 -54.1041 14337 14336 3952 64 32335
-37.7927 -55.3795 14337 14336 3954 66 32525
-35.9449 -56.5915 14337 14335 3955 66 32714
-34.0524 -57.7472 14337 14335 3956 67 32904
-32.1266 -58.8394 14337 14334 3957 68 33093
-30.1674 -59.8612 14337 14333 3957 68 33283
-28.1637 -60.8266 14337 14333 3958 69 33473
-26.1377 -61.7215 14337 14332 3958 69 33662
-24.0894 -62.5459 14337 14331 3959 70 33851
-22.0077 -63.307 14337 14331 3959 70 34040
-19.9038 -63.9976 14337 14330 3959 71 34230
-17.7665 -64.6177 14337 14330 3959 72 34419
-15.618 -65.1673 14337 14329 3960 73 34608
-13.4584 -65.6465 14337 14329 3961 73 34797
-11.2655 -66.0552 14337 14329 3962 74 34986
-9.07249 -66.3864 14337 14328 3963 74 35174
-6.86837 -66.6541 14337 14328 3965 74 35363
-4.65313 -66.8444 14337 14328 3967 75 35552
-2.43788 -66.9642 14337 14327 3970 75 35741
-0.23377 -67.0065 14337 14327 3972 77 35932
1.98148 -66.9783 14337 14327 3974 78 122
4.19672 -66.8726 14337 14327 3975 80 312
6.41197 -66.7035 14337 14327 3975 81 503
8.61608 -66.4498 14337 14326 3974 81 692
10.8091 -66.1327 14337 14326 3973 82 882
12.9909 -65.7381 14337 14326 3972 82 1071
15.1616 -65.273 14337 14326 3971 82 1261
17.3101 -64.7374 14337 14326 3971 82 1451
19.4474 -64.1244 14337 14326 3972 82 1640
21.5625 -63.4479 14337 14327 3973 83 1830
23.6441 -62.701 14337 14327 3974 83 2019
25.7147 -61.8836 14337 14327 3975 84 2209
27.7407 -61.0027 14337 14327 3975 85 2399
29.7555 -60.0514 14337 14327 3976 86 2589
31.7259 -59.0367 14337 14327 3975 87 2779
33.6628 -57.9586 14337 14327 3975 87 2970
35.5552 -56.81 14337 14328 3974 88 3160
37.4143 -55.605 14337 14328 3972 88 3350
39.2399 -54.3437 14337 14328 3970 88 3540
41.0099 -53.0189 14337 14328 3968 87 3730
42.7353 -51.6307 14337 14329 3966 87 3919
44.4162 -50.1932 14337 14329 3964 87 4108
46.0526 -48.6993 14337 14329 3963 86 4297
47.6333 -47.149 14337 14329 3962 86 4486
49.1695 -45.5495 14337 14330 3960 86 4674
50.6501 -43.9076 14337 14330 3960 85 4862
52.0638 -42.2094 14337 14330 3960 84 5050
53.433 -40.4688 14337 14330 3960 83 5239
54.7466 -38.686 14337 14330 3960 82 5427
56.0045 -36.861 14337 14330 3959 82 5616
57.1956 -34.9936 14337 14331 3959 82 5805
58.3199 -33.091 14337 14331 3959 82 5994
59.3775 -31.1532 14337 14331 3959 82 6183
60.3793 -29.1801 14337 14331 3959 82 6372
61.3144 -27.1789 14337 14331 3958 81 6561
62.1716 -25.1424 14337 14331 3957 81 6751
62.9731 -23.0848 14337 14331 3957 81 6939
63.7078 -20.999 14337 14331 3956 79 7128
64.3646 -18.885 14337 14331 3956 78 7317
64.9545 -16.7569 14337 14331 3957 77 7505
65.4777 -14.6077 14337 14331 3957 77 7694
65.923 -12.4444 14337 14331 3957 76 7883
66.3015 -10.2669 14337 14331 3957 76 8071
66.6021 -8.07545 14337 14330 3959 76 8260
66.8358 -5.87689 14337 14330 3960 76 8449
67.0028 -3.6713 14337 14330 3961 76 8638
67.0919 -1.45865 14337 14330 3963 76 8828
67.103 0.746943 14337 14329 3964 76 9018
67.0473 2.95254 14337 14329 3964 77 9208
66.9138 5.15814 14337 14329 3963 78 9397
66.7134 7.36373 14337 14329 3962 79 9587
66.4351 9.55524 14337 14329 3960 79 9777
66.0789 11.7397 14337 14329 3959 79 9966
65.6559 13.9101 14337 14329 3957 79 10155
65.1661 16.0663 14337 14329 3957 78 10344
64.5983 18.2015 14337 14329 3956 78 10533
63.9638 20.3225 14337 14329 3957 78 10722
63.2625 22.4224 14337 14329 3958 77 10910
62.4833 24.4941 14337 14329 3959 77 11099
61.6484 26.5447 14337 14329 3961 78 11287
60.7356 28.5671 14337 14329 3962 78 11476
59.756 30.5542 14337 14330 3964 78 11666
58.7207 32.5061 14337 14330 3965 79 11856
57.6186 34.4299 14337 14330 3965 80 12046
56.4498 36.3113 14337 14330 3965 81 12236
55.2141 38.1505 14337 14331 3964 81 12426
53.9228 39.9474 14337 14331 3962 81 12615
52.5759 41.702 14337 14332 3960 81 12804
51.1733 43.4143 14337 14332 3959 80 12993
49.715 45.0773 14337 14333 3958 80 13182
48.2011 46.691 14337 14333 3957 80 13370
46.6315 48.2554 14337 14333 3955 80 13559
45.0173 49.7633 14337 14334 3955 79 13747
43.3476 51.222 14337 14334 3954 78 13935
41.6332 52.6243 14337 14334 3955 77 14123
39.8855 53.9702 14337 14335 3955 76 14312
38.0822 55.2527 14337 14335 3956 76 14501
36.2343 56.4788 14337 14335 3956 76 14690
34.3641 57.6485 14337 14336 3957 76 14879
32.4383 58.7478 14337 14336 3958 76 15067
30.4902 59.7907 14337 14336 3959 75 15256
28.4976 60.7631 14337 14337 3959 75 15445
26.4828 61.6722 14337 14337 3959 75 15634
24.4345 62.5107 14337 14337 3959 76 15823
22.364 63.2858 14337 14337 3958 76 16012
20.2712 63.9905 14337 14338 3957 77 16201
18.1561 64.6247 14337 14338 3957 77 16390
16.0188 65.1884 14337 14339 3957 77 16580
13.8592 65.6817 14337 14339 3957 76 16768
11.6885 66.1045 14337 14340 3956 76 16956
9.50663 66.4498 14337 14341 3956 75 17145
7.31365 66.7316 14337 14341 3957 75 17333
5.10954 66.936 14337 14342 3956 75 17522
2.89429 67.0699 14337 14342 3956 74 17711
0.690177 67.1263 14337 14343 3956 73 17899
-1.51394 67.1192 14337 14343 3956 72 18087
-3.72918 67.0347 14337 14344 3956 71 18275
-5.94443 66.8726 14337 14344 3958 70 18463
-8.14854 66.6471 14337 14345 3960 70 18650
-10.3415 66.3441 14337 14345 3962 69 18838
-12.5234 65.9706 14337 14345 3964 68 19026
-14.6941 65.5267 14337 14346 3966 68 19215
-16.8537 65.0052 14337 14346 3968 69 19405
-19.0021 64.4203 14337 14346 3970 69 19595
-21.1172 63.765 14337 14346 3971 69 19785
-23.21 63.0392 14337 14346 3971 70 19975
-25.2805 62.2429 14337 14346 3972 70 20164
-27.3176 61.3762 14337 14347 3971 70 20354
-29.3325 60.446 14337 14347 3970 70 20544
-31.3029 59.4525 14337 14347 3969 70 20734
-33.2509 58.3955 14337 14347 3968 69 20924
-35.1545 57.268 14337 14348 3965 69 21114
-37.0135 56.0842 14337 14348 3962 69 21303
-38.8391 54.8369 14337 14348 3959 69 21493
-40.6314 53.5333 14337 14349 3956 69 21683
-42.368 52.1733 14337 14349 3954 68 21871
-44.06 50.7499 14337 14349 3951 67 22060
-45.6964 49.2771 14337 14350 3949 65 22248
-47.2994 47.748 14337 14350 3948 64 22436
-48.8467 46.1696 14337 14350 3947 63 22624
-50.3384 44.5418 14337 14350 3945 62 22812
-51.7744 42.8647 14337 14350 3944 61 22999
-53.1547 41.1453 14337 14350 3944 60 23187
-54.4794 39.3766 14337 14350 3945 59 23375
-55.7485 37.5656 14337 14350 3945 58 23564
-56.9507 35.7194 14337 14350 3946 57 23752
-58.0973 33.8309 14337 14350 3947 56 23940
-59.1771 31.9072 14337 14350 3947 56 24129
-60.1901 29.9482 14337 14350 3947 56 24318
-61.1474 27.954 14337 14350 3947 56 24506
-62.038 25.9316 14337 14349 3947 55 24695
-62.8506 23.8811 14337 14349 3946 55 24884
-63.6076 21.8023 14337 14349 3946 55 25073
-64.2866 19.7024 14337 14349 3945 55 25262
-64.8989 17.5814 14337 14349 3946 55 25450
-65.4332 15.4321 14337 14349 3947 55 25638
-65.9119 13.2759 14337 14349 3948 55 25826
-66.3015 11.0985 14337 14349 3949 55 26014
-66.6355 8.91399 14337 14349 3950 55 26203
-66.8915 6.71544 14337 14349 3952 55 26391
-67.0807 4.5028 14337 14349 3954 55 26579
-67.1921 2.29016 14337 14349 3956 55 26768
-67.2366 0.077513 14337 14349 3959 55 26957
-67.2032 -2.12808 14337 14348 3961 57 27146
-67.0919 -4.34073 14337 14348 3963 58 27336
-66.9138 -6.55337 14337 14348 3965 58 27526
-66.6577 -8.75192 14337 14347 3966 59 27716
-66.3238 -10.9434 14337 14347 3966 59 27906
-65.923 -13.1208 14337 14347 3966 61 28096
-65.4555 -15.2842 14337 14346 3964 62 28287
-64.91 -17.4334 14337 14346 3962 63 28478
-64.2978 -19.5615 14337 14346 3959 64 28668
-63.6076 -21.6614 14337 14346 3956 64 28857
-62.8618 -23.7472 14337 14346 3953 63 29046
-62.038 -25.7977 14337 14345 3950 63 29235
-61.1474 -27.8272 14337 14345 3948 63 29423
-60.2012 -29.8214 14337 14345 3946 63 29611
-59.1771 -31.7874 14337 14345 3945 62 29799
-58.0973 -33.7182 14337 14345 3945 61 29986
-56.9507 -35.6137 14337 14344 3945 60 30174
-55.7373 -37.467 14337 14344 3945 59 30362
-54.4683 -39.285 14337 14344 3945 59 30550
-53.1436 -41.0537 14337 14344 3947 59 30738
-51.7633 -42.7801 14337 14343 3949 59 30926
-50.3273 -44.4643 14337 14343 3950 60 31114
-48.8356 -46.0991 14337 14343 3951 60 31303
-47.2882 -47.6846 14337 14342 3952 59 31491
-45.6853 -49.2137 14337 14342 3953 59 31680
-44.0377 -50.7006 14337 14341 3954 58 31868
-42.3457 -52.124 14337 14341 3956 58 32057
-40.598 -53.491 14337 14341 3957 59 32246
-38.8169 -54.8017 14337 14340 3959 60 32436
-36.9913 -56.0489 14337 14340 3960 62 32626
-35.1211 -57.2398 14337 14339 3960 63 32816
-33.2175 -58.3673 14337 14339 3960 64 33006
-31.2806 -59.4243 14337 14339 3959 65 33195
-29.2991 -60.4249 14337 14338 3958 66 33384
-27.2954 -61.3551 14337 14338 3957 66 33574
-25.2582 -62.2218 14337 14338 3956 66 33763
-23.1988 -63.0181 14337 14337 3955 66 33952
-21.1172 -63.7439 14337 14337 3954 66 34141
-19.0021 -64.3992 14337 14336 3954 66 34329
-16.8648 -64.9911 14337 14336 3953 66 34518
-14.7164 -65.5055 14337 14335 3952 66 34707
-12.5456 -65.9565 14337 14335 3951 67 34895
-10.3638 -66.33 14337 14335 3951 66 35084
-8.1708 -66.633 14337 14334 3952 66 35273
-5.96669 -66.8655 14337 14334 3952 66 35461
-3.75145 -67.0206 14337 14334 3953 67 35651
-1.54733 -67.1051 14337 14333 3954 67 35840
0.656781 -67.1192 14337 14333 3955 68 28
2.87203 -67.0628 14337 14333 3956 69 217
5.07614 -66.9289 14337 14332 3955 70 407
7.28025 -66.7176 14337 14332 3954 71 597
9.47323 -66.4427 14337 14332 3953 72 787
11.6551 -66.0904 14337 14332 3951 73 977
13.8258 -65.6676 14337 14331 3948 73 1166
15.9743 -65.1743 14337 14331 3945 73 1355
18.1116 -64.6106 14337 14331 3943 72 1544
20.2266 -63.9764 14337 14331 3940 72 1733
22.3194 -63.2717 14337 14331 3938 72 1921
24.3788 -62.4966 14337 14331 3936 71 2109
26.416 -61.6581 14337 14331 3935 70 2296
28.4308 -60.7561 14337 14331 3934 69 2483
30.4123 -59.7837 14337 14331 3934 68 2671
32.3604 -58.7478 14337 14331 3934 68 2859
34.2751 -57.6485 14337 14331 3934 67 3047
36.1452 -56.4858 14337 14330 3935 67 3235
37.982 -55.2668 14337 14330 3935 66 3422
39.7854 -53.9843 14337 14330 3936 66 3610
41.5331 -52.6454 14337 14329 3937 66 3798
43.2474 -51.2502 14337 14329 3939 66 3986
44.9172 -49.7986 14337 14328 3940 67 4174
46.5313 -48.2906 14337 14328 3941 68 4363
48.1009 -46.7262 14337 14328 3942 68 4551
49.6148 -45.1196 14337 14327 3944 68 4739
51.0731 -43.4566 14337 14327 3946 67 4927
52.4757 -41.7513 14337 14327 3948 67 5116
53.8338 -39.9967 14337 14326 3951 67 5304
55.1251 -38.1998 14337 14326 3953 67 5493
56.3496 -36.3606 14337 14326 3955 68 5682
57.5184 -34.4792 14337 14325 3957 69 5871
58.6316 -32.5625 14337 14325 3959 70 6061
59.6669 -30.6106 14337 14325 3961 72 6250
60.6465 -28.6234 14337 14324 3963 73 6440
61.5593 -26.6011 14337 14324 3964 73 6631
62.4053 -24.5575 14337 14324 3965 74 6821
63.1734 -22.4788 14337 14324 3965 75 7011
63.8859 -20.3789 14337 14323 3966 76 7201
64.5204 -18.2578 14337 14323 3965 77 7391
65.0881 -16.1157 14337 14323 3965 77 7580
65.5779 -13.9523 14337 14323 3965 78 7770
66.0009 -11.7749 14337 14323 3964 78 7959
66.3572 -9.59047 14337 14323 3964 79 8148
66.6355 -7.39192 14337 14324 3963 79 8337
66.847 -5.17928 14337 14324 3963 80 8527
66.9806 -2.96663 14337 14324 3963 80 8716
67.0362 -0.75399 14337 14324 3963 81 8906
67.0251 1.45865 14337 14324 3963 82 9095
66.936 3.67834 14337 14324 3963 82 9284
66.7802 5.88394 14337 14324 3962 82 9473
66.5575 8.09659 14337 14324 3961 82 9662
66.2458 10.2881 14337 14325 3961 83 9851
65.8785 12.4796 14337 14325 3962 83 10040
65.4332 14.65 14337 14325 3962 83 10229
64.9212 16.8062 14337 14326 3962 83 10418
64.3312 18.9414 14337 14326 3962 84 10607
63.6744 21.0553 14337 14326 3962 84 10797
62.9397 23.1482 14337 14327 3962 84 10986
62.1493 25.2199 14337 14327 3962 84 11175
61.281 27.2564 14337 14328 3962 83 11363
60.3571 29.2647 14337 14328 3961 82 11552
59.3663 31.2448 14337 14328 3961 81 11741
58.3088 33.1897 14337 14329 3960 81 11930
57.1845 35.0993 14337 14329 3960 81 12119
56.0045 36.9667 14337 14330 3959 81 12308
54.7577 38.7917 14337 14330 3958 81 12497
53.4553 40.5816 14337 14331 3957 81 12686
52.0972 42.3221 14337 14331 3956 80 12875
50.6723 44.0203 14337 14332 3955 78 13063
49.2029 45.6693 14337 14332 3954 77 13251
47.6779 47.2688 14337 14333 3954 75 13439
46.0971 48.8191 14337 14333 3955 74 13627
44.4719 50.313 14337 14334 3957 74 13815
42.791 51.7575 14337 14334 3958 74 14003
41.0655 53.1457 14337 14335 3960 73 14192
39.2956 54.4705 14337 14335 3962 73 14380
37.4811 55.7459 14337 14336 3964 73 14569
35.622 56.9509 14337 14336 3965 72 14758
33.7185 58.0995 14337 14337 3967 72 14948
31.7927 59.1847 14337 14337 3968 71 15137
29.8223 60.2065 14337 14338 3969 71 15327
27.8186 61.1648 14337 14338 3970 70 15516
25.7926 62.0527 14337 14339 3970 70 15706
23.7332 62.8701 14337 14339 3971 71 15896
21.6404 63.6241 14337 14340 3970 71 16085
19.5253 64.3076 14337 14340 3970 71 16275
17.3991 64.9207 14337 14340 3970 70 16464
15.2507 65.4562 14337 14341 3970 70 16654
13.08 65.9283 14337 14341 3970 70 16843
10.8981 66.33 14337 14342 3970 69 17033
8.70513 66.6541 14337 14342 3971 69 17222
6.50102 66.9078 14337 14343 3971 68 17411
4.29691 67.091 14337 14343 3972 68 17600
2.08166 67.2038 14337 14343 3973 67 17789
-0.144715 67.239 14337 14344 3973 66 17978
-2.34883 67.1967 14337 14344 3973 66 18168
-4.56407 67.084 14337 14345 3972 66 18357
-6.77932 66.9008 14337 14345 3972 65 18547
-8.98343 66.6471 14337 14346 3973 65 18736
-11.1764 66.3159 14337 14346 3973 65 18926
-13.3583 65.9142 14337 14346 3972 65 19115
-15.529 65.4421 14337 14347 3972 65 19305
-17.6774 64.8995 14337 14347 3973 65 19495
-19.8148 64.2794 14337 14348 3972 66 19684
-21.9298 63.5959 14337 14348 3972 66 19874
-24.0115 62.8419 14337 14349 3971 66 20063
-26.082 62.0174 14337 14349 3971 65 20252
-28.1191 61.1225 14337 14350 3972 64 20441
-30.1229 60.1712 14337 14350 3973 64 20630
-32.0932 59.1424 14337 14351 3973 63 20819
-34.0302 58.0572 14337 14352 3974 63 21009
-35.9337 56.9086 14337 14352 3974 63 21198
-37.7927 55.6966 14337 14353 3974 63 21387
-39.6072 54.4212 14337 14353 3974 64 21577
-41.3772 53.0894 14337 14354 3973 64 21766
-43.1138 51.7012 14337 14355 3973 64 21956
-44.7947 50.2566 14337 14355 3971 63 22146
-46.42 48.7557 14337 14356 3970 63 22335
-48.0007 47.1984 14337 14356 3969 62 22525
-49.5258 45.5988 14337 14357 3967 61 22714
-50.9952 43.9428 14337 14358 3965 60 22903
-52.42 42.2375 14337 14358 3964 60 23091
-53.7781 40.49 14337 14358 3962 59 23279
-55.0806 38.7001 14337 14358 3961 58 23467
-56.3273 36.868 14337 14359 3960 57 23655
-57.5073 34.9936 14337 14359 3959 56 23843
-58.6316 33.084 14337 14359 3959 55 24031
-59.6892 31.1391 14337 14359 3958 53 24219
-60.6799 29.159 14337 14359 3958 52 24407
-61.6038 27.1436 14337 14359 3958 51 24596
-62.4721 25.1072 14337 14359 3959 50 24784
-63.2625 23.0355 14337 14359 3958 49 24972
-63.9861 20.9426 14337 14359 3958 49 25160
-64.6429 18.8286 14337 14359 3959 48 25349
-65.2328 16.6935 14337 14359 3959 48 25538
-65.7449 14.5443 14337 14358 3959 48 25727
-66.1902 12.3739 14337 14358 3959 48 25916
-66.5687 10.1965 14337 14358 3958 47 26105
-66.8692 8.00498 14337 14358 3957 47 26295
-67.0919 5.80643 14337 14357 3955 47 26484
-67.2477 3.60083 14337 14357 3953 47 26674
-67.3368 1.38819 14337 14357 3951 47 26863
-67.3368 -0.81741 14337 14357 3949 46 27051
-67.2811 -3.02301 14337 14356 3948 46 27239
-67.1364 -5.2286 14337 14356 3948 45 27427
-66.9249 -7.4342 14337 14355 3947 45 27615
-66.6466 -9.6257 14337 14355 3946 44 27803
-66.2904 -11.8031 14337 14354 3945 45 27992
-65.8674 -13.9735 14337 14354 3944 45 28181
-65.3664 -16.1298 14337 14353 3943 45 28370
-64.7987 -18.2649 14337 14353 3942 45 28558
-64.1642 -20.3789 14337 14352 3941 45 28747
-63.4629 -22.4717 14337 14352 3941 44 28935
-62.6836 -24.5434 14337 14351 3941 44 29124
-61.8488 -26.587 14337 14350 3941 44 29312
-60.9359 -28.6023 14337 14350 3942 43 29500
-59.9675 -30.5824 14337 14349 3942 43 29689
-58.9211 -32.5343 14337 14348 3943 43 29877
-57.819 -34.451 14337 14347 3943 44 30066
-56.6613 -36.3254 14337 14347 3943 44 30254
-55.4257 -38.1646 14337 14346 3943 45 30443
-54.1455 -39.9615 14337 14345 3942 46 30633
-52.7985 -41.7161 14337 14344 3941 48 30822
-51.3959 -43.4284 14337 14343 3941 49 31012
-49.9376 -45.0844 14337 14343 3940 50 31201
-48.4237 -46.6981 14337 14342 3939 51 31390
-46.8541 -48.2624 14337 14341 3939 52 31579
-45.24 -49.7704 14337 14341 3938 53 31767
-43.5813 -51.222 14337 14340 3937 53 31956
-41.8782 -52.6172 14337 14340 3936 53 32144
-40.1193 -53.9631 14337 14339 3936 53 32332
-38.3271 -55.2456 14337 14338 3935 53 32520
-36.4903 -56.4647 14337 14338 3934 52 32708
-34.6202 -57.6274 14337 14337 3933 52 32896
-32.7055 -58.7267 14337 14336 3932 53 33084
-30.7574 -59.7625 14337 14336 3931 53 33273
-28.7759 -60.735 14337 14335 3930 53 33461
-26.7611 -61.6369 14337 14334 3930 53 33649
-24.7239 -62.4755 14337 14334 3930 53 33837
-22.6534 -63.2506 14337 14333 3931 53 34025
-20.5606 -63.9482 14337 14332 3931 53 34212
-18.4455 -64.5824 14337 14332 3931 53 34401
-16.3082 -65.1532 14337 14331 3931 54 34589
-14.1486 -65.6465 14337 14330 3932 55 34777
-11.989 -66.0693 14337 14329 3932 55 34964
-9.80719 -66.4216 14337 14329 3933 56 35152
-7.61421 -66.6964 14337 14328 3934 56 35340
-5.4101 -66.9078 14337 14327 3935 57 35528
-3.20598 -67.0417 14337 14327 3936 57 35716
-0.990738 -67.1051 14337 14326 3938 58 35904
1.21338 -67.0981 14337 14325 3940 58 91
3.42862 -67.0206 14337 14325 3943 60 279
5.63273 -66.8655 14337 14324 3945 61 468
7.83685 -66.633 14337 14324 3948 63 657
10.041 -66.337 14337 14323 3950 64 846
12.2228 -65.9636 14337 14323 3952 66 1036
14.3935 -65.5196 14337 14322 3954 68 1226
16.542 -65.0052 14337 14322 3954 69 1416
18.6793 -64.4203 14337 14322 3954 71 1606
20.7944 -63.765 14337 14322 3953 72 1796
22.8872 -63.0392 14337 14322 3952 72 1985
24.9577 -62.2429 14337 14322 3950 73 2175
27.006 -61.3833 14337 14322 3948 73 2364
29.0097 -60.4531 14337 14322 3947 73 2552
30.9912 -59.4595 14337 14322 3946 73 2741
32.9392 -58.4025 14337 14322 3945 74 2929
34.8428 -57.2821 14337 14322 3945 73 3117
36.713 -56.0983 14337 14322 3945 73 3305
38.5497 -54.8581 14337 14322 3946 73 3493
40.3419 -53.5544 14337 14322 3947 73 3682
42.0897 -52.1944 14337 14322 3948 73 3871
43.7817 -50.7781 14337 14322 3949 73 4060
45.4404 -49.3053 14337 14322 3950 74 4249
47.0433 -47.7762 14337 14322 3950 73 4437
48.5907 -46.1978 14337 14321 3951 73 4626
50.0935 -44.57 14337 14321 3951 73 4814
51.5295 -42.8929 14337 14321 3950 73 5003
52.921 -41.1665 14337 14321 3950 73 5192
54.2457 -39.3977 14337 14321 3950 73 5381
55.5147 -37.5868 14337 14321 3950 73 5569
56.7281 -35.7335 14337 14321 3952 73 5758
57.8747 -33.845 14337 14321 3953 73 5946
58.9656 -31.9142 14337 14322 3954 73 6134
59.9897 -29.9482 14337 14322 3956 73 6322
60.9471 -27.947 14337 14322 3957 73 6511
61.8376 -25.9246 14337 14322 3959 72 6699
62.6614 -23.867 14337 14322 3961 73 6888
63.4183 -21.7812 14337 14322 3963 73 7078
64.1085 -19.6742 14337 14323 3964 73 7267
64.7319 -17.5461 14337 14323 3966 73 7457
65.2774 -15.3969 14337 14323 3967 74 7647
65.756 -13.2336 14337 14323 3969 75 7838
66.1568 -11.0562 14337 14323 3969 76 8028
66.4907 -8.86467 14337 14324 3969 77 8218
66.7468 -6.66612 14337 14324 3968 78 8409
66.936 -4.46052 14337 14324 3966 78 8599
67.0473 -2.24788 14337 14325 3964 78 8788
67.0919 -0.0281865 14337 14325 3962 77 8977
67.0585 2.17741 14337 14325 3961 77 9167
66.9583 4.39005 14337 14326 3959 77 9355
66.7802 6.59565 14337 14326 3959 76 9543
66.5241 8.7942 14337 14327 3959 76 9732
66.2013 10.9857 14337 14327 3959 75 9921
65.8117 13.1702 14337 14328 3960 75 10110
65.3442 15.3335 14337 14328 3960 75 10299
64.8098 17.4827 14337 14329 3961 75 10488
64.1976 19.6108 14337 14329 3961 75 10678
63.5297 21.7177 14337 14330 3961 76 10867
62.7727 23.8035 14337 14330 3960 75 11056
61.9601 25.8612 14337 14331 3960 74 11244
61.0807 27.8906 14337 14331 3959 73 11432
60.1344 29.8918 14337 14331 3959 72 11621
59.1103 31.8578 14337 14332 3959 72 11810
58.0305 33.7886 14337 14332 3960 72 12000
56.8951 35.6912 14337 14333 3960 72 12189
55.6817 37.5445 14337 14333 3960 71 12378
54.4238 39.3625 14337 14333 3959 70 12566
53.088 41.1383 14337 14334 3959 69 12754
51.7076 42.8717 14337 14334 3960 68 12942
50.2716 44.5629 14337 14334 3962 68 13130
48.7688 46.1978 14337 14334 3964 67 13318
47.2215 47.7903 14337 14335 3966 67 13507
45.6185 49.3265 14337 14335 3968 67 13696
43.9709 50.8062 14337 14335 3970 67 13886
42.2678 52.2367 14337 14335 3971 68 14077
40.5201 53.6038 14337 14336 3972 69 14267
38.739 54.9215 14337 14336 3973 70 14457
36.9022 56.1687 14337 14337 3973 70 14647
35.032 57.3596 14337 14337 3972 71 14838
33.1285 58.4871 14337 14338 3971 71 15028
31.1915 59.5511 14337 14338 3969 71 15219
29.2212 60.5447 14337 14339 3967 71 15409
27.2063 61.4749 14337 14340 3964 71 15598
25.1803 62.3416 14337 14340 3960 71 15787
23.1098 63.1379 14337 14341 3957 70 15976
21.0281 63.8637 14337 14342 3953 69 16165
18.9131 64.519 14337 14342 3950 68 16353
16.7869 65.1109 14337 14343 3948 66 16542
14.6384 65.6253 14337 14343 3945 65 16730
12.4788 66.0763 14337 14344 3944 64 16917
10.297 66.4498 14337 14344 3943 63 17105
8.10401 66.7528 14337 14345 3942 61 17292
5.8999 66.9853 14337 14345 3943 60 17479
3.69579 67.1474 14337 14346 3944 59 17667
1.49167 67.232 14337 14346 3945 58 17855
-0.701309 67.246 14337 14346 3946 57 18045
-2.91655 67.1897 14337 14347 3946 57 18233
-5.12067 67.0558 14337 14347 3945 56 18421
-7.31365 66.8585 14337 14347 3945 56 18609
-9.50663 66.5837 14337 14348 3945 55 18798
-11.6885 66.2313 14337 14348 3945 54 18986
-13.8592 65.8156 14337 14348 3945 53 19174
-16.0077 65.3294 14337 14348 3945 53 19363
-18.145 64.7656 14337 14348 3946 53 19552
-20.26 64.1385 14337 14348 3946 53 19740
-22.364 63.4338 14337 14349 3947 52 19928
-24.4345 62.6657 14337 14349 3947 51 20116
-26.4716 61.8342 14337 14349 3947 50 20304
-28.4976 60.9323 14337 14349 3947 50 20493
-30.4791 59.9598 14337 14349 3947 50 20681
-32.4272 58.924 14337 14349 3947 49 20870
-34.353 57.8247 14337 14350 3947 49 21059
-36.2343 56.669 14337 14350 3948 49 21247
-38.0822 55.4429 14337 14350 3949 49 21435
-39.8855 54.1604 14337 14350 3951 49 21622
